p 6 250 8 1 2 10000 27
i 0 1 1 0 1 510 510 510
i 0 1 1 0 1 765 765 765
i 0 1 1 0 1 765 765 765
i 0 1 1 0 1 255 255 255
i 0 1 1 0 1 255 255 255
i 0 1 1 0 1 150 150 150
i 0 1 1 0 1 765 765 765
i 0 1 1 0 1 765 765 765
i 0 1 1 0 1 765 765 765
i 0 1 1 0 1 510 510 510
i 0 1 1 0 1 510 510 510
i 0 1 1 0 1 510 765 726
i 0 1 1 0 1 255 255 255
i 0 1 1 0 1 765 765 765
i 0 1 1 0 1 765 765 765
i 0 1 1 0 1 255 255 255
i 0 1 1 0 1 255 255 255
i 0 1 1 0 1 510 510 510
i 0 1 1 0 1 150 150 150
i 0 1 1 0 1 255 255 255
i 0 1 1 0 1 255 255 255
i 0 1 1 0 1 765 765 765
i 0 1 1 0 1 510 510 510
i 0 1 1 0 1 150 150 150
i 0 1 1 0 1 255 255 255
i 0 1 1 0 1 255 255 255
i 0 1 1 0 1 255 255 255
i 0 1 1 0 1 1530 3060 1776
i 0 1 1 0 1 765 765 765
i 4 1 1 0 1 150 450 150
i 3 1 1 0 1 255 765 611
i 1 1 1 0 1 510 1530 510
i 4 1 1 0 1 765 2295 765
i 2 1 1 0 1 765 2295 1546
i 4 1 1 0 1 255 765 255
i 2 1 1 0 1 255 765 255
i 4 1 1 0 1 765 2295 765
i 4 1 1 0 1 150 450 150
i 2 1 1 0 1 765 2295 1431
i 3 1 1 0 1 255 765 518
i 3 1 1 0 1 765 2295 765
i 4 1 1 0 1 765 2295 765
i 2 1 1 0 1 765 2295 1747
i 2 1 1 0 1 255 765 255
i 1 1 1 0 1 765 2295 765
i 4 1 1 0 1 255 765 645
i 3 1 1 0 1 765 2295 1903
i 4 1 1 0 1 255 765 255
i 3 1 1 0 1 765 2295 2178
i 2 1 1 0 1 255 765 255
i 2 1 1 0 1 255 765 255
i 1 1 1 0 1 765 2295 2172
i 4 1 1 0 1 765 2295 1688
i 3 1 1 0 1 255 765 683
i 1 1 1 0 1 510 1530 510
i 2 1 1 0 1 150 450 212
i 3 1 1 0 1 1020 3060 1748
i 2 1 1 0 1 255 765 255
i 4 1 1 0 1 510 1530 510
i 4 1 1 0 1 255 765 553
i 3 1 1 0 1 255 765 557
i 1 1 1 0 1 255 765 643
i 1 1 1 0 1 255 765 315
i 3 1 1 0 1 255 765 351
i 3 1 1 0 1 255 765 255
i 1 1 1 0 1 510 1530 994
i 1 1 1 0 1 150 450 150
i 2 1 1 0 1 255 765 646
i 4 1 1 0 1 1020 3060 1020
i 3 1 1 0 1 150 450 381
i 4 1 1 0 1 255 765 690
i 1 1 1 0 1 255 765 445
i 1 1 1 0 1 255 765 493
i 4 1 1 0 1 150 450 150
i 2 1 1 0 1 255 765 255
i 1 1 1 0 1 255 765 700
i 4 1 1 0 1 255 765 424
i 4 1 1 0 1 510 1530 1230
i 1 1 1 0 1 765 2295 765
i 3 1 1 0 1 255 765 255
i 1 1 1 0 1 255 765 255
i 3 1 1 0 1 150 450 150
i 2 1 1 0 1 300 900 300
i 1 1 1 0 1 765 2295 765
i 3 1 1 0 1 150 450 150
i 2 1 1 0 1 765 2295 765
i 3 1 1 0 1 510 1530 510
i 4 1 1 0 1 255 765 255
i 2 1 1 0 1 255 765 255
i 2 1 1 0 1 510 1530 510
i 1 1 1 0 1 255 765 255
i 4 1 1 0 1 255 765 255
i 4 1 1 0 1 255 765 255
i 1 1 1 0 1 510 1530 510
i 2 1 1 0 1 765 2295 765
i 2 1 1 0 1 99 297 99
i 2 1 1 0 1 510 1530 510
i 2 1 1 0 1 510 1530 510
i 1 1 1 0 1 255 765 255
i 3 1 1 0 1 255 765 255
i 2 1 1 0 1 510 1530 510
i 3 1 1 0 1 255 765 255
i 3 1 1 0 1 150 450 150
i 4 1 1 0 1 150 450 150
i 1 1 1 0 1 765 2295 765
i 2 1 1 0 1 510 1530 510
i 2 1 1 0 1 765 2295 765
i 4 1 1 0 1 99 297 99
i 1 1 1 0 1 765 2295 765
i 3 1 1 0 1 1530 4590 1530
i 4 1 1 0 1 255 765 255
i 3 1 1 0 1 510 1530 510
i 2 1 1 0 1 255 765 255
i 2 1 1 0 1 765 2295 765
i 3 1 1 0 1 255 765 255
i 2 1 1 0 1 765 2295 765
i 4 1 1 0 1 765 2295 765
i 4 1 1 0 1 765 2295 765
i 2 1 1 0 1 765 2295 765
i 3 1 1 0 1 255 765 255
i 1 1 1 0 1 255 765 255
i 4 1 1 0 1 255 765 255
i 1 1 1 0 1 765 2295 765
i 4 1 1 0 1 255 765 255
i 4 1 1 0 1 765 2295 765
i 4 1 1 0 1 255 765 255
i 4 1 1 0 1 255 765 255
i 2 1 1 0 1 255 765 255
i 1 1 1 0 1 255 765 255
i 2 1 1 0 1 255 765 255
i 3 1 1 0 1 510 1530 510
i 3 1 1 0 1 510 1530 510
i 3 1 1 0 1 150 450 150
i 4 1 1 0 1 255 765 255
i 1 1 1 0 1 255 765 255
i 4 1 1 0 1 99 297 99
i 1 1 1 0 1 150 450 150
i 2 1 1 0 1 765 2295 765
i 3 1 1 0 1 255 765 255
i 2 1 1 0 1 255 765 255
i 3 1 1 0 1 150 450 150
i 4 1 1 0 1 255 765 255
i 3 1 1 0 1 765 2295 765
i 1 1 1 0 1 255 765 255
i 3 1 1 0 1 255 765 255
i 4 1 1 0 1 255 765 255
i 3 1 1 0 1 150 450 150
i 1 1 1 0 1 255 765 255
i 4 1 1 0 1 255 765 255
i 1 1 1 0 1 765 2295 765
i 1 1 1 0 1 255 765 255
i 1 1 1 0 1 255 765 255
i 3 1 1 0 1 765 2295 765
i 4 1 1 0 1 255 765 255
i 3 1 1 0 1 255 765 255
i 4 1 1 0 1 150 450 150
i 3 1 1 0 1 150 450 150
i 2 1 1 0 1 255 765 255
i 3 1 1 0 1 765 2295 765
i 4 1 1 0 1 765 2295 765
i 2 1 1 0 1 255 765 255
i 1 1 1 0 1 510 1530 510
i 2 1 1 0 1 255 765 255
i 2 1 1 0 1 510 1530 510
i 1 1 1 0 1 255 765 255
i 3 1 1 0 1 765 2295 765
i 3 1 1 0 1 765 2295 765
i 2 1 1 0 1 255 765 255
i 1 1 1 0 1 255 765 255
i 2 1 1 0 1 765 2295 765
i 1 1 1 0 1 765 2295 765
i 2 1 1 0 1 255 765 255
i 4 1 1 0 1 765 2295 765
i 3 1 1 0 1 765 2295 765
i 3 1 1 0 1 150 450 150
i 2 1 1 0 1 255 765 255
i 2 1 1 0 1 255 765 255
i 1 1 1 0 1 510 1530 510
i 2 1 1 0 1 510 1530 510
i 1 1 1 0 1 765 2295 765
i 1 1 1 0 1 255 765 255
i 2 1 1 0 1 765 2295 765
i 1 1 1 0 1 255 765 255
i 2 1 1 0 1 765 2295 765
i 2 1 1 0 1 255 765 255
i 2 1 1 0 1 765 2295 765
i 2 1 1 0 1 510 1530 510
i 4 1 1 0 1 255 765 255
i 2 1 1 0 1 150 450 150
i 4 1 1 0 1 765 2295 765
i 2 1 1 0 1 765 2295 765
i 1 1 1 0 1 255 765 255
i 2 1 1 0 1 510 1530 510
i 4 1 1 0 1 765 2295 765
i 4 1 1 0 1 255 765 255
i 4 1 1 0 1 510 1530 510
i 4 1 1 0 1 150 450 150
i 1 1 1 0 1 255 765 255
i 4 1 1 0 1 510 1530 510
i 1 1 1 0 1 255 765 255
i 3 1 1 0 1 510 1530 510
i 4 1 1 0 1 255 765 255
i 1 1 1 0 1 765 2295 765
i 2 1 1 0 1 765 2295 765
i 2 1 1 0 1 765 2295 765
i 3 1 1 0 1 510 1530 510
i 1 1 1 0 1 765 2295 765
i 4 1 1 0 1 99 297 99
i 1 1 1 0 1 765 2295 765
i 4 1 1 0 1 765 2295 765
i 2 1 1 0 1 255 765 255
i 4 1 1 0 1 510 1530 510
i 2 1 1 0 1 765 2295 765
i 3 1 1 0 1 255 765 255
i 1 1 1 0 1 255 765 255
i 4 1 1 0 1 255 765 255
i 4 1 1 0 1 510 1530 510
i 3 1 1 0 1 255 765 255
i 3 1 1 0 1 765 2295 765
i 1 1 1 0 1 510 1530 510
i 3 1 1 0 1 255 765 255
i 4 1 1 0 1 765 2295 765
i 4 1 1 0 1 765 2295 765
i 3 1 1 0 1 510 1530 510
i 2 1 1 0 1 1020 3060 1020
i 3 1 1 0 1 255 765 255
i 3 1 1 0 1 765 2295 765
i 3 1 1 0 1 255 765 255
i 3 1 1 0 1 255 765 255
i 1 1 1 0 1 510 1530 510
i 3 1 1 0 1 255 765 255
i 4 1 1 0 1 765 2295 765
i 1 1 1 0 1 255 765 255
i 2 1 1 0 1 510 1530 510
i 2 1 1 0 1 765 2295 765
i 1 1 1 0 1 510 1530 510
i 4 1 1 0 1 255 765 255
i 3 1 1 0 1 255 765 255
i 4 1 1 0 1 510 1530 510
i 4 1 1 0 1 765 2295 765
i 3 1 1 0 1 765 2295 765
i 1 1 1 0 1 255 765 255
i 1 1 1 0 1 765 2295 765
i 1 1 1 0 1 255 765 255
i 2 1 1 0 1 510 1530 510
i 2 1 1 0 1 255 765 255
i 3 1 1 0 1 255 765 255
i 2 1 1 0 1 255 765 255
i 2 1 1 0 1 765 2295 765
i 2 1 1 0 1 255 765 255
k 13000 1.6
k 13000 1.6
k 13000 1.6
k 36000 3
k 36000 3
k 36000 3
k 36000 3
k 36000 3
