p 6 250 8 1 2 10000 27
i 0 1 1 0 1 510 510 510
i 0 1 1 0 1 765 765 765
i 0 1 1 0 1 765 765 765
i 0 1 1 0 1 255 255 255
i 0 1 1 0 1 255 255 255
i 0 1 1 0 1 150 150 150
i 0 1 1 0 1 765 765 765
i 0 1 1 0 1 765 765 765
i 0 1 1 0 1 765 765 765
i 0 1 1 0 1 510 510 510
i 0 1 1 0 1 510 510 510
i 0 1 1 0 1 510 765 726
i 0 1 1 0 1 255 255 255
i 0 1 1 0 1 765 765 765
i 0 1 1 0 1 765 765 765
i 0 1 1 0 1 255 255 255
i 0 1 1 0 1 255 255 255
i 0 1 1 0 1 510 510 510
i 0 1 1 0 1 150 150 150
i 0 1 1 0 1 255 255 255
i 0 1 1 0 1 255 255 255
i 0 1 1 0 1 765 765 765
i 0 1 1 0 1 510 510 510
i 0 1 1 0 1 150 150 150
i 0 1 1 0 1 255 255 255
i 0 1 1 0 1 255 255 255
i 0 1 1 0 1 255 255 255
i 0 1 1 0 1 1530 3060 1776
i 0 1 1 0 1 765 765 765
i 1 1 1 0 1 765 2295 1084
i 4 1 1 0 1 255 765 318
i 3 1 1 0 1 255 765 255
i 2 1 1 0 1 765 2295 765
i 3 1 1 0 1 255 765 710
i 3 1 1 0 1 1020 3060 2688
i 4 1 1 0 1 150 450 226
i 1 1 1 0 1 255 765 255
i 1 1 1 0 1 255 765 304
i 2 1 1 0 1 765 2295 805
i 2 1 1 0 1 510 1530 510
i 3 1 1 0 1 510 1530 599
i 2 1 1 0 1 255 765 255
i 3 1 1 0 1 150 450 150
i 4 1 1 0 1 510 1530 510
i 2 1 1 0 1 255 765 747
i 3 1 1 0 1 255 765 255
i 1 1 1 0 1 255 765 255
i 4 1 1 0 1 765 2295 765
i 1 1 1 0 1 765 2295 898
i 2 1 1 0 1 765 2295 765
i 3 1 1 0 1 510 1530 510
i 2 1 1 0 1 255 765 255
i 3 1 1 0 1 255 765 255
i 4 1 1 0 1 255 765 255
i 2 1 1 0 1 510 1530 510
i 4 1 1 0 1 1020 3060 1020
i 1 1 1 0 1 510 1530 988
i 2 1 1 0 1 255 765 594
i 2 1 1 0 1 510 1530 510
i 2 1 1 0 1 255 765 651
i 1 1 1 0 1 255 765 573
i 1 1 1 0 1 510 1530 576
i 4 1 1 0 1 510 1530 510
i 2 1 1 0 1 765 2295 1166
i 3 1 1 0 1 510 1530 1466
i 2 1 1 0 1 255 765 255
i 4 1 1 0 1 765 2295 1321
i 1 1 1 0 1 765 2295 1542
i 4 1 1 0 1 255 765 586
i 1 1 1 0 1 150 450 150
i 2 1 1 0 1 510 1530 1274
i 4 1 1 0 1 765 2295 765
i 1 1 1 0 1 150 450 150
i 2 1 1 0 1 255 765 400
i 3 1 1 0 1 255 765 255
i 4 1 1 0 1 765 2295 1246
i 4 1 1 0 1 150 450 150
i 2 1 1 0 1 510 1530 598
i 2 1 1 0 1 765 2295 765
i 2 1 1 0 1 765 2295 1636
i 1 1 1 0 1 255 765 255
i 4 1 1 0 1 255 765 718
i 2 1 1 0 1 765 2295 1992
i 4 1 1 0 1 765 2295 765
i 1 1 1 0 1 255 765 255
i 3 1 1 0 1 765 2295 765
i 3 1 1 0 1 765 2295 765
i 2 1 1 0 1 255 765 255
i 3 1 1 0 1 765 2295 765
i 4 1 1 0 1 255 765 255
i 2 1 1 0 1 150 450 150
i 4 1 1 0 1 765 2295 765
i 4 1 1 0 1 765 2295 765
i 2 1 1 0 1 765 2295 765
i 1 1 1 0 1 255 765 255
i 4 1 1 0 1 765 2295 765
i 4 1 1 0 1 255 765 255
i 1 1 1 0 1 510 1530 510
i 4 1 1 0 1 765 2295 765
i 4 1 1 0 1 150 450 150
i 1 1 1 0 1 765 2295 765
i 3 1 1 0 1 510 1530 510
i 2 1 1 0 1 765 2295 765
i 3 1 1 0 1 765 2295 765
i 3 1 1 0 1 1530 4590 1530
i 3 1 1 0 1 255 765 255
i 4 1 1 0 1 255 765 255
i 3 1 1 0 1 765 2295 765
i 1 1 1 0 1 255 765 255
i 2 1 1 0 1 765 2295 765
i 1 1 1 0 1 255 765 255
i 2 1 1 0 1 255 765 255
i 4 1 1 0 1 510 1530 510
i 3 1 1 0 1 510 1530 510
i 3 1 1 0 1 255 765 255
i 4 1 1 0 1 765 2295 765
i 3 1 1 0 1 150 450 150
i 1 1 1 0 1 765 2295 765
i 2 1 1 0 1 255 765 255
i 3 1 1 0 1 150 450 150
i 3 1 1 0 1 255 765 255
i 3 1 1 0 1 510 1530 510
i 4 1 1 0 1 765 2295 765
i 2 1 1 0 1 255 765 255
i 3 1 1 0 1 150 450 150
i 4 1 1 0 1 765 2295 765
i 4 1 1 0 1 765 2295 765
i 4 1 1 0 1 255 765 255
i 1 1 1 0 1 765 2295 765
i 1 1 1 0 1 765 2295 765
i 2 1 1 0 1 765 2295 765
i 2 1 1 0 1 765 2295 765
i 4 1 1 0 1 255 765 255
i 2 1 1 0 1 255 765 255
i 4 1 1 0 1 255 765 255
i 4 1 1 0 1 150 450 150
i 3 1 1 0 1 765 2295 765
i 4 1 1 0 1 255 765 255
i 3 1 1 0 1 255 765 255
i 3 1 1 0 1 765 2295 765
i 2 1 1 0 1 255 765 255
i 1 1 1 0 1 765 2295 765
i 4 1 1 0 1 255 765 255
i 3 1 1 0 1 255 765 255
i 1 1 1 0 1 765 2295 765
i 2 1 1 0 1 765 2295 765
i 1 1 1 0 1 510 1530 510
i 1 1 1 0 1 510 1530 510
i 4 1 1 0 1 255 765 255
i 4 1 1 0 1 510 1530 510
i 4 1 1 0 1 765 2295 765
i 4 1 1 0 1 255 765 255
i 2 1 1 0 1 765 2295 765
i 2 1 1 0 1 255 765 255
i 1 1 1 0 1 255 765 255
i 1 1 1 0 1 255 765 255
i 4 1 1 0 1 255 765 255
i 2 1 1 0 1 255 765 255
i 1 1 1 0 1 255 765 255
i 3 1 1 0 1 150 450 150
i 2 1 1 0 1 255 765 255
i 4 1 1 0 1 99 297 99
i 1 1 1 0 1 255 765 255
i 3 1 1 0 1 255 765 255
i 2 1 1 0 1 510 1530 510
i 1 1 1 0 1 255 765 255
i 2 1 1 0 1 510 1530 510
i 1 1 1 0 1 765 2295 765
i 2 1 1 0 1 1020 3060 1020
i 1 1 1 0 1 765 2295 765
i 2 1 1 0 1 765 2295 765
i 4 1 1 0 1 150 450 150
i 3 1 1 0 1 255 765 255
i 2 1 1 0 1 510 1530 510
i 3 1 1 0 1 150 450 150
i 3 1 1 0 1 765 2295 765
i 4 1 1 0 1 255 765 255
i 1 1 1 0 1 255 765 255
i 3 1 1 0 1 255 765 255
i 3 1 1 0 1 255 765 255
i 1 1 1 0 1 255 765 255
i 1 1 1 0 1 255 765 255
i 3 1 1 0 1 510 1530 510
i 2 1 1 0 1 255 765 255
i 1 1 1 0 1 255 765 255
i 2 1 1 0 1 255 765 255
i 4 1 1 0 1 765 2295 765
i 4 1 1 0 1 510 1530 510
i 2 1 1 0 1 510 1530 510
i 1 1 1 0 1 255 765 255
i 4 1 1 0 1 255 765 255
i 4 1 1 0 1 255 765 255
i 1 1 1 0 1 510 1530 510
i 4 1 1 0 1 255 765 255
i 2 1 1 0 1 255 765 255
i 3 1 1 0 1 255 765 255
i 3 1 1 0 1 150 450 150
i 2 1 1 0 1 765 2295 765
i 2 1 1 0 1 765 2295 765
i 3 1 1 0 1 150 450 150
i 4 1 1 0 1 255 765 255
i 2 1 1 0 1 510 1530 510
i 1 1 1 0 1 255 765 255
i 3 1 1 0 1 255 765 255
i 1 1 1 0 1 510 1530 510
i 1 1 1 0 1 255 765 255
i 2 1 1 0 1 300 900 300
i 4 1 1 0 1 99 297 99
i 3 1 1 0 1 765 2295 765
i 1 1 1 0 1 255 765 255
i 4 1 1 0 1 99 297 99
i 4 1 1 0 1 510 1530 510
i 1 1 1 0 1 255 765 255
i 4 1 1 0 1 510 1530 510
i 3 1 1 0 1 765 2295 765
i 2 1 1 0 1 255 765 255
i 3 1 1 0 1 150 450 150
i 1 1 1 0 1 765 2295 765
i 1 1 1 0 1 510 1530 510
i 2 1 1 0 1 99 297 99
i 2 1 1 0 1 255 765 255
i 1 1 1 0 1 255 765 255
i 1 1 1 0 1 765 2295 765
i 3 1 1 0 1 255 765 255
i 4 1 1 0 1 255 765 255
i 4 1 1 0 1 255 765 255
i 1 1 1 0 1 765 2295 765
i 3 1 1 0 1 765 2295 765
i 2 1 1 0 1 255 765 255
i 2 1 1 0 1 255 765 255
i 3 1 1 0 1 255 765 255
i 2 1 1 0 1 255 765 255
i 4 1 1 0 1 150 450 150
i 3 1 1 0 1 255 765 255
i 3 1 1 0 1 765 2295 765
i 4 1 1 0 1 255 765 255
i 2 1 1 0 1 510 1530 510
i 1 1 1 0 1 510 1530 510
i 4 1 1 0 1 765 2295 765
i 3 1 1 0 1 255 765 255
i 1 1 1 0 1 255 765 255
i 2 1 1 0 1 765 2295 765
i 3 1 1 0 1 255 765 255
i 3 1 1 0 1 255 765 255
i 3 1 1 0 1 255 765 255
i 2 1 1 0 1 150 450 150
i 1 1 1 0 1 255 765 255
i 4 1 1 0 1 255 765 255
i 2 1 1 0 1 765 2295 765
i 2 1 1 0 1 765 2295 765
k 13000 1.6
k 13000 1.6
k 13000 1.6
k 36000 3
k 36000 3
k 36000 3
k 36000 3
k 36000 3
