p 6 258 8 1 2 10000 21
i 0 1 1 0 1 500 500 500
i 0 1 1 0 1 425 425 425
i 0 1 1 0 1 425 425 425
i 0 1 1 0 1 850 850 850
i 0 1 1 0 1 425 425 425
i 0 1 1 0 1 1275 1275 1275
i 0 1 1 0 1 1275 1275 1275
i 0 1 1 0 1 850 850 850
i 0 1 1 0 1 425 425 425
i 0 1 1 0 1 425 425 425
i 0 1 1 0 1 425 425 425
i 0 1 1 0 1 500 500 500
i 0 1 1 0 1 1275 1275 1275
i 0 1 1 0 1 1275 1275 1275
i 0 1 1 0 1 850 850 850
i 0 1 1 0 1 425 425 425
i 0 1 1 0 1 1275 1275 1275
i 0 1 1 0 1 425 425 425
i 0 1 1 0 1 425 425 425
i 0 1 1 0 1 425 425 425
i 0 1 1 0 1 580 2900 2412
i 0 1 1 0 1 1275 1275 1275
i 0 1 1 0 1 425 425 425
i 0 1 1 0 1 425 425 425
i 0 1 1 0 1 425 425 425
i 0 1 1 0 1 990 990 990
i 0 1 1 0 1 1275 1275 1275
i 0 1 1 0 1 1275 1275 1275
i 0 1 1 0 1 425 425 425
i 0 1 1 0 1 1275 1275 1275
i 0 1 1 0 1 1275 1275 1275
i 0 1 1 0 1 425 425 425
i 0 1 1 0 1 1275 1275 1275
i 0 1 1 0 1 425 850 470
i 0 1 1 0 1 425 425 425
i 0 1 1 0 1 425 425 425
i 0 1 1 0 1 425 425 425
i 0 1 1 0 1 250 250 250
i 0 1 1 0 1 425 425 425
i 0 1 1 0 1 425 425 425
i 0 1 1 0 1 425 425 425
i 0 1 1 0 1 1275 1275 1275
i 0 1 1 0 1 580 580 580
i 0 1 1 0 1 425 425 425
i 0 1 1 0 1 425 425 425
i 0 1 1 0 1 850 850 850
i 0 1 1 0 1 1275 1275 1275
i 0 1 1 0 1 1275 1275 1275
i 0 1 1 0 1 250 250 250
i 0 1 1 0 1 425 425 425
i 0 1 1 0 1 1275 1275 1275
i 0 1 1 0 1 425 425 425
i 0 1 1 0 1 425 425 425
i 0 1 1 0 1 425 425 425
i 0 1 1 0 1 425 425 425
i 0 1 1 0 1 425 425 425
i 0 1 1 0 1 425 425 425
i 0 1 1 0 1 1275 1275 1275
i 0 1 1 0 1 1275 1275 1275
i 0 1 1 0 1 250 250 250
i 0 1 1 0 1 500 500 500
i 0 1 1 0 1 850 850 850
i 0 1 1 0 1 425 425 425
i 0 1 1 0 1 425 425 425
i 0 1 1 0 1 850 850 850
i 0 1 1 0 1 425 425 425
i 0 1 1 0 1 1275 1275 1275
i 0 1 1 0 1 425 425 425
i 0 1 1 0 1 850 850 850
i 0 1 1 0 1 425 425 425
i 0 1 1 0 1 425 425 425
i 0 1 1 0 1 1275 1275 1275
i 0 1 1 0 1 425 425 425
i 0 1 1 0 1 1275 1275 1275
i 0 1 1 0 1 495 495 495
i 0 1 1 0 1 850 850 850
i 0 1 1 0 1 1275 1275 1275
i 0 1 1 0 1 1275 1275 1275
i 0 1 1 0 1 500 500 500
i 0 1 1 0 1 850 850 850
i 0 1 1 0 1 1275 1275 1275
i 0 1 1 0 1 1275 1275 1275
i 0 1 1 0 1 425 425 425
i 0 1 1 0 1 1275 1275 1275
i 0 1 1 0 1 1275 1275 1275
i 0 1 1 0 1 425 425 425
i 0 1 1 0 1 1275 1275 1275
i 0 1 1 0 1 990 1155 994
i 0 1 1 0 1 425 425 425
i 0 1 1 0 1 500 500 500
i 0 1 1 0 1 660 660 660
i 0 1 1 0 1 1275 1275 1275
i 0 1 1 0 1 425 425 425
i 0 1 1 0 1 425 425 425
i 0 1 1 0 1 250 250 250
i 0 1 1 0 1 1275 1275 1275
i 0 1 1 0 1 1275 1275 1275
i 0 1 1 0 1 250 250 250
i 0 1 1 0 1 1275 1275 1275
i 0 1 1 0 1 425 425 425
i 0 1 1 0 1 250 250 250
i 0 1 1 0 1 425 425 425
i 0 1 1 0 1 580 580 580
i 0 1 1 0 1 250 250 250
i 0 1 1 0 1 425 425 425
i 0 1 1 0 1 425 425 425
i 0 1 1 0 1 425 425 425
i 0 1 1 0 1 425 425 425
i 0 1 1 0 1 425 425 425
i 0 1 1 0 1 495 495 495
i 0 1 1 0 1 425 425 425
i 0 1 1 0 1 425 425 425
i 0 1 1 0 1 850 850 850
i 0 1 1 0 1 425 425 425
i 1 1 1 0 1 425 1275 562
i 2 1 1 0 1 250 750 250
i 2 1 1 0 1 425 1275 425
i 2 1 1 0 1 1275 3825 3307
i 1 1 1 0 1 1275 3825 1275
i 4 1 1 0 1 425 1275 425
i 3 1 1 0 1 425 1275 425
i 4 1 1 0 1 1275 3825 1702
i 1 1 1 0 1 425 1275 1173
i 2 1 1 0 1 425 1275 746
i 4 1 1 0 1 425 1275 1203
i 3 1 1 0 1 675 2025 675
i 3 1 1 0 1 165 495 165
i 4 1 1 0 1 425 1275 555
i 2 1 1 0 1 425 1275 542
i 2 1 1 0 1 425 1275 425
i 2 1 1 0 1 250 750 250
i 1 1 1 0 1 425 1275 425
i 2 1 1 0 1 1275 3825 1275
i 4 1 1 0 1 850 2550 850
i 1 1 1 0 1 425 1275 470
i 4 1 1 0 1 1275 3825 1275
i 1 1 1 0 1 425 1275 804
i 1 1 1 0 1 1320 3960 1902
i 3 1 1 0 1 1275 3825 1886
i 3 1 1 0 1 2125 6375 2867
i 2 1 1 0 1 425 1275 1171
i 3 1 1 0 1 425 1275 984
i 4 1 1 0 1 500 1500 500
i 4 1 1 0 1 1275 3825 1275
i 2 1 1 0 1 1250 3750 2923
i 3 1 1 0 1 250 750 250
i 2 1 1 0 1 660 1980 720
i 1 1 1 0 1 500 1500 1025
i 3 1 1 0 1 850 2550 850
i 2 1 1 0 1 250 750 250
i 4 1 1 0 1 1275 3825 2784
i 1 1 1 0 1 425 1275 580
i 4 1 1 0 1 1275 3825 1820
i 2 1 1 0 1 1275 3825 1275
i 2 1 1 0 1 425 1275 425
i 3 1 1 0 1 425 1275 425
i 4 1 1 0 1 425 1275 425
i 4 1 1 0 1 425 1275 425
i 2 1 1 0 1 1275 3825 1275
i 4 1 1 0 1 1275 3825 1275
i 2 1 1 0 1 425 1275 425
i 4 1 1 0 1 580 1740 580
i 1 1 1 0 1 1275 3825 1275
i 4 1 1 0 1 425 1275 425
i 4 1 1 0 1 425 1275 425
i 1 1 1 0 1 425 1275 425
i 1 1 1 0 1 425 1275 425
i 3 1 1 0 1 425 1275 425
i 1 1 1 0 1 1275 3825 1275
i 1 1 1 0 1 425 1275 425
i 1 1 1 0 1 425 1275 425
i 4 1 1 0 1 425 1275 425
i 4 1 1 0 1 250 750 250
i 1 1 1 0 1 250 750 250
i 3 1 1 0 1 425 1275 425
i 1 1 1 0 1 580 1740 580
i 1 1 1 0 1 500 1500 500
i 4 1 1 0 1 425 1275 425
i 2 1 1 0 1 425 1275 425
i 3 1 1 0 1 425 1275 425
i 3 1 1 0 1 425 1275 425
i 1 1 1 0 1 1075 3225 1075
i 4 1 1 0 1 495 1485 495
i 1 1 1 0 1 1275 3825 1275
i 2 1 1 0 1 425 1275 425
i 4 1 1 0 1 425 1275 425
i 3 1 1 0 1 495 1485 495
i 3 1 1 0 1 425 1275 425
i 3 1 1 0 1 425 1275 425
i 2 1 1 0 1 425 1275 425
i 2 1 1 0 1 850 2550 850
i 2 1 1 0 1 1275 3825 1275
i 3 1 1 0 1 1275 3825 1275
i 1 1 1 0 1 425 1275 425
i 3 1 1 0 1 425 1275 425
i 2 1 1 0 1 425 1275 425
i 2 1 1 0 1 425 1275 425
i 1 1 1 0 1 250 750 250
i 4 1 1 0 1 1275 3825 1275
i 1 1 1 0 1 250 750 250
i 3 1 1 0 1 425 1275 425
i 4 1 1 0 1 1700 5100 1700
i 2 1 1 0 1 425 1275 425
i 4 1 1 0 1 1275 3825 1275
i 1 1 1 0 1 425 1275 425
i 4 1 1 0 1 425 1275 425
i 2 1 1 0 1 1275 3825 1275
i 3 1 1 0 1 425 1275 425
i 3 1 1 0 1 500 1500 500
i 4 1 1 0 1 1275 3825 1275
i 2 1 1 0 1 1275 3825 1275
i 4 1 1 0 1 910 2730 910
i 4 1 1 0 1 1275 3825 1275
i 3 1 1 0 1 250 750 250
i 2 1 1 0 1 425 1275 425
i 4 1 1 0 1 425 1275 425
i 1 1 1 0 1 1275 3825 1275
i 1 1 1 0 1 1275 3825 1275
i 3 1 1 0 1 250 750 250
i 2 1 1 0 1 425 1275 425
i 1 1 1 0 1 250 750 250
i 3 1 1 0 1 1275 3825 1275
i 1 1 1 0 1 425 1275 425
i 4 1 1 0 1 1275 3825 1275
i 2 1 1 0 1 250 750 250
i 3 1 1 0 1 500 1500 500
i 1 1 1 0 1 1275 3825 1275
i 1 1 1 0 1 250 750 250
i 3 1 1 0 1 495 1485 495
i 1 1 1 0 1 425 1275 425
i 4 1 1 0 1 1275 3825 1275
i 3 1 1 0 1 1275 3825 1275
i 2 1 1 0 1 425 1275 425
i 4 1 1 0 1 425 1275 425
i 2 1 1 0 1 1275 3825 1275
i 2 1 1 0 1 425 1275 425
i 2 1 1 0 1 1275 3825 1275
i 1 1 1 0 1 500 1500 500
i 4 1 1 0 1 425 1275 425
i 4 1 1 0 1 660 1980 660
i 1 1 1 0 1 250 750 250
i 4 1 1 0 1 250 750 250
i 4 1 1 0 1 1275 3825 1275
i 4 1 1 0 1 1275 3825 1275
i 2 1 1 0 1 425 1275 425
i 1 1 1 0 1 1275 3825 1275
i 3 1 1 0 1 1275 3825 1275
i 3 1 1 0 1 1275 3825 1275
i 2 1 1 0 1 425 1275 425
i 4 1 1 0 1 425 1275 425
i 4 1 1 0 1 250 750 250
i 4 1 1 0 1 1275 3825 1275
i 4 1 1 0 1 425 1275 425
i 1 1 1 0 1 425 1275 425
i 3 1 1 0 1 425 1275 425
i 3 1 1 0 1 425 1275 425
i 1 1 1 0 1 425 1275 425
i 2 1 1 0 1 425 1275 425
k 13000 1.6
k 13000 1.6
k 13000 1.6
k 36000 3
k 36000 3
k 36000 3
k 36000 3
k 36000 3
