p 6 250 8 1 2 10000 27
i 0 1 1 0 1 510 510 510
i 0 1 1 0 1 765 765 765
i 0 1 1 0 1 765 765 765
i 0 1 1 0 1 255 255 255
i 0 1 1 0 1 255 255 255
i 0 1 1 0 1 150 150 150
i 0 1 1 0 1 765 765 765
i 0 1 1 0 1 765 765 765
i 0 1 1 0 1 765 765 765
i 0 1 1 0 1 510 510 510
i 0 1 1 0 1 510 510 510
i 0 1 1 0 1 510 765 726
i 0 1 1 0 1 255 255 255
i 0 1 1 0 1 765 765 765
i 0 1 1 0 1 765 765 765
i 0 1 1 0 1 255 255 255
i 0 1 1 0 1 255 255 255
i 0 1 1 0 1 510 510 510
i 0 1 1 0 1 150 150 150
i 0 1 1 0 1 255 255 255
i 0 1 1 0 1 255 255 255
i 0 1 1 0 1 765 765 765
i 0 1 1 0 1 510 510 510
i 0 1 1 0 1 150 150 150
i 0 1 1 0 1 255 255 255
i 0 1 1 0 1 255 255 255
i 0 1 1 0 1 255 255 255
i 0 1 1 0 1 1530 3060 1776
i 0 1 1 0 1 765 765 765
i 1 1 1 0 1 255 765 376
i 3 1 1 0 1 150 450 157
i 4 1 1 0 1 99 297 99
i 4 1 1 0 1 255 765 402
i 1 1 1 0 1 255 765 471
i 2 1 1 0 1 765 2295 765
i 2 1 1 0 1 150 450 150
i 2 1 1 0 1 510 1530 742
i 2 1 1 0 1 765 2295 878
i 2 1 1 0 1 765 2295 765
i 2 1 1 0 1 1020 3060 1020
i 1 1 1 0 1 765 2295 1755
i 3 1 1 0 1 150 450 348
i 1 1 1 0 1 255 765 255
i 2 1 1 0 1 765 2295 765
i 3 1 1 0 1 255 765 255
i 3 1 1 0 1 255 765 255
i 2 1 1 0 1 255 765 642
i 3 1 1 0 1 255 765 255
i 1 1 1 0 1 255 765 255
i 2 1 1 0 1 255 765 255
i 3 1 1 0 1 510 1530 510
i 2 1 1 0 1 765 2295 765
i 1 1 1 0 1 765 2295 765
i 1 1 1 0 1 765 2295 765
i 1 1 1 0 1 255 765 255
i 3 1 1 0 1 510 1530 510
i 2 1 1 0 1 765 2295 1664
i 4 1 1 0 1 510 1530 510
i 3 1 1 0 1 255 765 688
i 4 1 1 0 1 765 2295 1045
i 3 1 1 0 1 510 1530 1301
i 1 1 1 0 1 255 765 255
i 3 1 1 0 1 150 450 433
i 4 1 1 0 1 765 2295 765
i 4 1 1 0 1 150 450 306
i 3 1 1 0 1 510 1530 1369
i 4 1 1 0 1 255 765 657
i 1 1 1 0 1 510 1530 1338
i 1 1 1 0 1 510 1530 1052
i 3 1 1 0 1 255 765 356
i 2 1 1 0 1 765 2295 890
i 2 1 1 0 1 255 765 255
i 3 1 1 0 1 255 765 702
i 2 1 1 0 1 150 450 303
i 2 1 1 0 1 300 900 300
i 1 1 1 0 1 765 2295 1299
i 4 1 1 0 1 255 765 255
i 4 1 1 0 1 255 765 324
i 4 1 1 0 1 150 450 270
i 1 1 1 0 1 255 765 255
i 1 1 1 0 1 765 2295 765
i 1 1 1 0 1 765 2295 1244
i 4 1 1 0 1 255 765 255
i 3 1 1 0 1 255 765 255
i 4 1 1 0 1 255 765 255
i 2 1 1 0 1 765 2295 765
i 3 1 1 0 1 255 765 255
i 3 1 1 0 1 255 765 255
i 1 1 1 0 1 255 765 255
i 3 1 1 0 1 765 2295 765
i 4 1 1 0 1 510 1530 510
i 4 1 1 0 1 765 2295 765
i 1 1 1 0 1 765 2295 765
i 4 1 1 0 1 765 2295 765
i 4 1 1 0 1 255 765 255
i 4 1 1 0 1 765 2295 765
i 3 1 1 0 1 255 765 255
i 1 1 1 0 1 255 765 255
i 4 1 1 0 1 1020 3060 1020
i 3 1 1 0 1 150 450 150
i 2 1 1 0 1 255 765 255
i 3 1 1 0 1 510 1530 510
i 4 1 1 0 1 255 765 255
i 1 1 1 0 1 255 765 255
i 3 1 1 0 1 255 765 255
i 4 1 1 0 1 255 765 255
i 2 1 1 0 1 255 765 255
i 1 1 1 0 1 150 450 150
i 4 1 1 0 1 255 765 255
i 4 1 1 0 1 510 1530 510
i 2 1 1 0 1 510 1530 510
i 4 1 1 0 1 150 450 150
i 2 1 1 0 1 765 2295 765
i 3 1 1 0 1 765 2295 765
i 2 1 1 0 1 765 2295 765
i 4 1 1 0 1 255 765 255
i 3 1 1 0 1 255 765 255
i 2 1 1 0 1 255 765 255
i 2 1 1 0 1 255 765 255
i 4 1 1 0 1 255 765 255
i 1 1 1 0 1 255 765 255
i 1 1 1 0 1 510 1530 510
i 2 1 1 0 1 510 1530 510
i 4 1 1 0 1 255 765 255
i 3 1 1 0 1 765 2295 765
i 4 1 1 0 1 99 297 99
i 4 1 1 0 1 510 1530 510
i 4 1 1 0 1 255 765 255
i 4 1 1 0 1 765 2295 765
i 4 1 1 0 1 255 765 255
i 3 1 1 0 1 765 2295 765
i 3 1 1 0 1 150 450 150
i 2 1 1 0 1 510 1530 510
i 3 1 1 0 1 255 765 255
i 3 1 1 0 1 765 2295 765
i 1 1 1 0 1 255 765 255
i 2 1 1 0 1 765 2295 765
i 1 1 1 0 1 255 765 255
i 1 1 1 0 1 765 2295 765
i 1 1 1 0 1 255 765 255
i 4 1 1 0 1 765 2295 765
i 3 1 1 0 1 510 1530 510
i 2 1 1 0 1 765 2295 765
i 2 1 1 0 1 255 765 255
i 1 1 1 0 1 765 2295 765
i 3 1 1 0 1 150 450 150
i 2 1 1 0 1 255 765 255
i 4 1 1 0 1 765 2295 765
i 4 1 1 0 1 99 297 99
i 1 1 1 0 1 255 765 255
i 1 1 1 0 1 765 2295 765
i 2 1 1 0 1 255 765 255
i 4 1 1 0 1 765 2295 765
i 4 1 1 0 1 765 2295 765
i 2 1 1 0 1 255 765 255
i 3 1 1 0 1 150 450 150
i 3 1 1 0 1 255 765 255
i 2 1 1 0 1 255 765 255
i 1 1 1 0 1 765 2295 765
i 2 1 1 0 1 255 765 255
i 1 1 1 0 1 255 765 255
i 2 1 1 0 1 510 1530 510
i 1 1 1 0 1 510 1530 510
i 1 1 1 0 1 255 765 255
i 4 1 1 0 1 765 2295 765
i 2 1 1 0 1 255 765 255
i 1 1 1 0 1 255 765 255
i 4 1 1 0 1 765 2295 765
i 3 1 1 0 1 765 2295 765
i 1 1 1 0 1 510 1530 510
i 1 1 1 0 1 255 765 255
i 3 1 1 0 1 765 2295 765
i 4 1 1 0 1 150 450 150
i 3 1 1 0 1 510 1530 510
i 3 1 1 0 1 255 765 255
i 1 1 1 0 1 765 2295 765
i 2 1 1 0 1 765 2295 765
i 4 1 1 0 1 510 1530 510
i 3 1 1 0 1 255 765 255
i 4 1 1 0 1 510 1530 510
i 4 1 1 0 1 255 765 255
i 1 1 1 0 1 255 765 255
i 2 1 1 0 1 255 765 255
i 2 1 1 0 1 255 765 255
i 2 1 1 0 1 765 2295 765
i 2 1 1 0 1 765 2295 765
i 2 1 1 0 1 510 1530 510
i 4 1 1 0 1 510 1530 510
i 3 1 1 0 1 765 2295 765
i 2 1 1 0 1 255 765 255
i 2 1 1 0 1 510 1530 510
i 2 1 1 0 1 510 1530 510
i 3 1 1 0 1 255 765 255
i 2 1 1 0 1 765 2295 765
i 3 1 1 0 1 1530 4590 1530
i 4 1 1 0 1 255 765 255
i 2 1 1 0 1 510 1530 510
i 3 1 1 0 1 765 2295 765
i 2 1 1 0 1 255 765 255
i 2 1 1 0 1 765 2295 765
i 2 1 1 0 1 510 1530 510
i 1 1 1 0 1 255 765 255
i 2 1 1 0 1 99 297 99
i 3 1 1 0 1 765 2295 765
i 3 1 1 0 1 255 765 255
i 2 1 1 0 1 255 765 255
i 2 1 1 0 1 255 765 255
i 4 1 1 0 1 150 450 150
i 3 1 1 0 1 150 450 150
i 2 1 1 0 1 765 2295 765
i 3 1 1 0 1 1020 3060 1020
i 2 1 1 0 1 765 2295 765
i 3 1 1 0 1 765 2295 765
i 2 1 1 0 1 255 765 255
i 3 1 1 0 1 765 2295 765
i 1 1 1 0 1 150 450 150
i 4 1 1 0 1 765 2295 765
i 4 1 1 0 1 150 450 150
i 4 1 1 0 1 765 2295 765
i 1 1 1 0 1 510 1530 510
i 2 1 1 0 1 510 1530 510
i 4 1 1 0 1 255 765 255
i 2 1 1 0 1 765 2295 765
i 4 1 1 0 1 765 2295 765
i 2 1 1 0 1 255 765 255
i 2 1 1 0 1 255 765 255
i 3 1 1 0 1 255 765 255
i 1 1 1 0 1 255 765 255
i 1 1 1 0 1 510 1530 510
i 1 1 1 0 1 255 765 255
i 1 1 1 0 1 255 765 255
i 1 1 1 0 1 510 1530 510
i 2 1 1 0 1 255 765 255
i 4 1 1 0 1 255 765 255
i 1 1 1 0 1 765 2295 765
i 3 1 1 0 1 150 450 150
i 4 1 1 0 1 765 2295 765
i 4 1 1 0 1 255 765 255
i 4 1 1 0 1 255 765 255
i 3 1 1 0 1 255 765 255
i 1 1 1 0 1 255 765 255
i 1 1 1 0 1 255 765 255
i 3 1 1 0 1 255 765 255
i 1 1 1 0 1 765 2295 765
i 3 1 1 0 1 255 765 255
i 4 1 1 0 1 255 765 255
i 3 1 1 0 1 255 765 255
i 4 1 1 0 1 255 765 255
i 4 1 1 0 1 255 765 255
i 1 1 1 0 1 510 1530 510
k 13000 1.6
k 13000 1.6
k 13000 1.6
k 36000 3
k 36000 3
k 36000 3
k 36000 3
k 36000 3
