p 6 239 8 1 2 10000 54
i 0 1 1 0 1 255 765 479
i 0 1 1 0 1 255 255 255
i 0 1 1 0 1 150 150 150
i 0 1 1 0 1 99 99 99
i 0 1 1 0 1 255 255 255
i 0 1 1 0 1 255 255 255
i 0 1 1 0 1 510 510 510
i 0 1 1 0 1 255 255 255
i 0 1 1 0 1 99 99 99
i 0 1 1 0 1 150 150 150
i 0 1 1 0 1 150 150 150
i 2 1 1 0 1 382 1147 382
i 2 1 1 0 1 255 765 698
i 4 1 1 0 1 255 1275 808
i 3 1 1 0 1 255 765 255
i 3 1 1 0 1 382 1147 382
i 4 1 1 0 1 255 765 549
i 4 1 1 0 1 127 382 127
i 2 1 1 0 1 127 382 127
i 2 1 1 0 1 127 382 269
i 2 1 1 0 1 382 1147 382
i 2 1 1 0 1 150 450 150
i 1 1 1 0 1 382 1147 1114
i 1 1 1 0 1 382 1147 382
i 3 1 1 0 1 127 382 127
i 3 1 1 0 1 382 1147 382
i 3 1 1 0 1 127 382 189
i 3 1 1 0 1 382 1147 382
i 2 1 1 0 1 127 382 271
i 4 1 1 0 1 382 1147 382
i 4 1 1 0 1 127 382 127
i 2 1 1 0 1 127 382 127
i 3 1 1 0 1 127 382 370
i 3 1 1 0 1 127 382 188
i 1 1 1 0 1 765 2295 988
i 2 1 1 0 1 255 765 266
i 2 1 1 0 1 382 1147 382
i 4 1 1 0 1 127 382 127
i 1 1 1 0 1 127 382 127
i 4 1 1 0 1 127 382 159
i 3 1 1 0 1 127 382 223
i 4 1 1 0 1 75 225 177
i 3 1 1 0 1 127 382 231
i 4 1 1 0 1 382 1147 523
i 1 1 1 0 1 127 382 127
i 3 1 1 0 1 127 382 281
i 2 1 1 0 1 127 382 328
i 4 1 1 0 1 127 382 127
i 1 1 1 0 1 127 382 127
i 1 1 1 0 1 127 382 127
i 2 1 1 0 1 127 382 128
i 3 1 1 0 1 510 765 510
i 3 1 1 0 1 75 225 218
i 2 1 1 0 1 127 382 127
i 4 1 1 0 1 382 1147 382
i 3 1 1 0 1 127 382 127
i 1 1 1 0 1 127 382 127
i 2 1 1 0 1 127 382 292
i 1 1 1 0 1 1530 3060 2820
i 4 1 1 0 1 127 382 127
i 1 1 1 0 1 49 148 50
i 3 1 1 0 1 127 382 349
i 1 1 1 0 1 127 382 324
i 1 1 1 0 1 75 225 75
i 2 1 1 0 1 255 765 444
i 4 1 1 0 1 510 1530 510
i 4 1 1 0 1 127 382 215
i 1 1 1 0 1 127 382 141
i 4 1 1 0 1 382 1147 382
i 3 1 1 0 1 127 382 127
i 2 1 1 0 1 127 382 127
i 3 1 1 0 1 127 382 127
i 1 1 1 0 1 382 1147 634
i 4 1 1 0 1 382 1147 661
i 1 1 1 0 1 382 1147 382
i 3 1 1 0 1 127 382 127
i 3 1 1 0 1 382 1147 991
i 2 1 1 0 1 255 765 255
i 4 1 1 0 1 127 382 127
i 2 1 1 0 1 382 1147 382
i 4 1 1 0 1 765 2295 765
i 1 1 1 0 1 382 1147 1134
i 4 1 1 0 1 255 765 255
i 4 1 1 0 1 382 1147 382
i 3 1 1 0 1 127 382 127
i 3 1 1 0 1 127 382 127
i 2 1 1 0 1 382 1147 567
i 3 1 1 0 1 382 1147 382
i 4 1 1 0 1 127 382 197
i 3 1 1 0 1 382 1147 697
i 3 1 1 0 1 127 382 277
i 4 1 1 0 1 127 382 127
i 4 1 1 0 1 382 1147 501
i 4 1 1 0 1 75 225 75
i 4 1 1 0 1 255 765 305
i 3 1 1 0 1 382 1147 590
i 3 1 1 0 1 75 225 75
i 2 1 1 0 1 127 382 127
i 2 1 1 0 1 382 1147 597
i 1 1 1 0 1 510 1275 702
i 3 1 1 0 1 127 382 378
i 2 1 1 0 1 127 382 127
i 1 1 1 0 1 382 1147 382
i 1 1 1 0 1 382 1147 382
i 1 1 1 0 1 127 382 127
i 2 1 1 0 1 75 225 150
i 4 1 1 0 1 127 382 182
i 4 1 1 0 1 382 1147 382
i 1 1 1 0 1 255 765 255
i 3 1 1 0 1 255 765 255
i 2 1 1 0 1 127 382 229
i 4 1 1 0 1 255 765 255
i 2 1 1 0 1 382 1147 382
i 1 1 1 0 1 382 1147 382
i 4 1 1 0 1 382 1147 384
i 2 1 1 0 1 75 225 179
i 2 1 1 0 1 75 225 199
i 3 1 1 0 1 127 382 127
i 1 1 1 0 1 75 225 123
i 4 1 1 0 1 382 1147 835
i 3 1 1 0 1 127 382 358
i 3 1 1 0 1 127 382 127
i 3 1 1 0 1 75 225 75
i 4 1 1 0 1 127 382 364
i 1 1 1 0 1 49 148 49
i 4 1 1 0 1 255 765 650
i 4 1 1 0 1 127 382 127
i 4 1 1 0 1 75 225 75
i 3 1 1 0 1 127 382 245
i 2 1 1 0 1 127 382 127
i 4 1 1 0 1 127 382 127
i 4 1 1 0 1 255 765 255
i 2 1 1 0 1 127 382 127
i 1 1 1 0 1 127 382 127
i 1 1 1 0 1 255 510 255
i 1 1 1 0 1 127 382 127
i 1 1 1 0 1 382 1147 382
i 4 1 1 0 1 382 1147 382
i 1 1 1 0 1 255 765 255
i 4 1 1 0 1 127 382 127
i 2 1 1 0 1 127 382 127
i 3 1 1 0 1 382 1147 382
i 4 1 1 0 1 127 382 127
i 3 1 1 0 1 382 1147 382
i 1 1 1 0 1 127 382 127
i 2 1 1 0 1 255 765 255
i 1 1 1 0 1 255 765 255
i 3 1 1 0 1 255 765 255
i 1 1 1 0 1 382 1147 382
i 4 1 1 0 1 127 382 127
i 2 1 1 0 1 382 1147 382
i 1 1 1 0 1 255 765 255
i 4 1 1 0 1 49 148 49
i 3 1 1 0 1 255 765 255
i 1 1 1 0 1 127 382 127
i 2 1 1 0 1 127 382 127
i 1 1 1 0 1 127 382 127
i 3 1 1 0 1 382 1147 382
i 1 1 1 0 1 127 382 127
i 3 1 1 0 1 255 765 255
i 2 1 1 0 1 382 1147 382
i 3 1 1 0 1 382 1147 382
i 4 1 1 0 1 127 382 127
i 3 1 1 0 1 127 382 127
i 4 1 1 0 1 510 765 510
i 1 1 1 0 1 382 1147 382
i 2 1 1 0 1 127 382 127
i 1 1 1 0 1 127 382 127
i 2 1 1 0 1 382 1147 382
i 2 1 1 0 1 49 148 49
i 2 1 1 0 1 127 382 127
i 3 1 1 0 1 127 382 127
i 3 1 1 0 1 255 765 255
i 1 1 1 0 1 382 1147 382
i 4 1 1 0 1 127 382 127
i 4 1 1 0 1 382 1147 382
i 3 1 1 0 1 150 255 150
i 3 1 1 0 1 382 1147 382
i 2 1 1 0 1 382 1147 382
i 4 1 1 0 1 75 225 75
i 4 1 1 0 1 382 1147 382
i 3 1 1 0 1 127 382 127
i 4 1 1 0 1 127 382 127
i 1 1 1 0 1 510 1530 510
i 3 1 1 0 1 127 382 127
i 4 1 1 0 1 127 382 127
i 4 1 1 0 1 382 1147 382
i 2 1 1 0 1 127 382 127
i 4 1 1 0 1 75 225 75
i 1 1 1 0 1 127 382 127
i 3 1 1 0 1 75 225 75
i 1 1 1 0 1 127 382 127
i 4 1 1 0 1 127 382 127
i 4 1 1 0 1 255 765 255
i 1 1 1 0 1 382 1147 382
i 4 1 1 0 1 127 382 127
i 1 1 1 0 1 75 225 75
i 2 1 1 0 1 127 382 127
i 2 1 1 0 1 255 765 255
i 4 1 1 0 1 255 765 255
i 4 1 1 0 1 382 1147 382
i 4 1 1 0 1 382 1147 382
i 4 1 1 0 1 510 1530 510
i 3 1 1 0 1 382 1147 382
i 2 1 1 0 1 255 765 255
i 3 1 1 0 1 127 382 127
i 3 1 1 0 1 127 382 127
i 4 1 1 0 1 127 382 127
i 4 1 1 0 1 127 382 127
i 2 1 1 0 1 75 225 75
i 1 1 1 0 1 127 382 127
i 1 1 1 0 1 49 148 49
i 2 1 1 0 1 127 382 127
i 1 1 1 0 1 255 765 255
i 1 1 1 0 1 127 382 127
i 4 1 1 0 1 382 1147 382
i 2 1 1 0 1 255 765 255
i 2 1 1 0 1 127 382 127
i 3 1 1 0 1 255 510 255
i 1 1 1 0 1 382 1147 382
i 1 1 1 0 1 382 1147 382
i 4 1 1 0 1 127 382 127
i 1 1 1 0 1 382 1147 382
i 2 1 1 0 1 127 382 127
i 1 1 1 0 1 382 1147 382
i 3 1 1 0 1 255 765 255
i 4 1 1 0 1 127 382 127
i 3 1 1 0 1 225 675 225
i 3 1 1 0 1 382 1147 382
i 3 1 1 0 1 150 450 150
i 1 1 1 0 1 382 1147 382
i 2 1 1 0 1 255 765 255
i 1 1 1 0 1 75 225 75
i 2 1 1 0 1 382 1147 382
i 4 1 1 0 1 382 1147 382
i 2 1 1 0 1 127 382 127
i 1 1 1 0 1 127 382 127
i 4 1 1 0 1 765 1530 765
i 3 1 1 0 1 255 765 255
k 13000 1.6
k 13000 1.6
k 13000 1.6
k 36000 3
k 36000 3
k 36000 3
k 36000 3
k 36000 3
