p 6 239 8 1 2 10000 54
i 0 1 1 0 1 255 765 479
i 0 1 1 0 1 255 255 255
i 0 1 1 0 1 150 150 150
i 0 1 1 0 1 99 99 99
i 0 1 1 0 1 255 255 255
i 0 1 1 0 1 255 255 255
i 0 1 1 0 1 510 510 510
i 0 1 1 0 1 255 255 255
i 0 1 1 0 1 99 99 99
i 0 1 1 0 1 150 150 150
i 0 1 1 0 1 150 150 150
i 4 1 1 0 1 382 1147 400
i 1 1 1 0 1 382 1147 413
i 3 1 1 0 1 127 382 273
i 2 1 1 0 1 127 382 127
i 3 1 1 0 1 127 382 309
i 1 1 1 0 1 382 1147 969
i 2 1 1 0 1 127 382 233
i 2 1 1 0 1 382 1147 382
i 3 1 1 0 1 127 382 256
i 2 1 1 0 1 49 148 49
i 4 1 1 0 1 127 382 356
i 3 1 1 0 1 382 1147 382
i 2 1 1 0 1 127 382 127
i 3 1 1 0 1 127 382 300
i 1 1 1 0 1 255 765 255
i 3 1 1 0 1 127 382 127
i 4 1 1 0 1 382 1147 382
i 4 1 1 0 1 127 382 127
i 3 1 1 0 1 382 1147 382
i 1 1 1 0 1 382 1147 382
i 4 1 1 0 1 765 2295 765
i 3 1 1 0 1 382 1147 891
i 4 1 1 0 1 127 382 127
i 3 1 1 0 1 255 765 255
i 4 1 1 0 1 127 382 127
i 3 1 1 0 1 127 382 168
i 3 1 1 0 1 382 1147 590
i 1 1 1 0 1 127 382 127
i 1 1 1 0 1 382 1147 702
i 4 1 1 0 1 127 382 187
i 1 1 1 0 1 382 1147 863
i 3 1 1 0 1 127 382 171
i 1 1 1 0 1 49 148 49
i 2 1 1 0 1 382 1147 382
i 4 1 1 0 1 255 765 624
i 2 1 1 0 1 127 382 127
i 4 1 1 0 1 382 1147 382
i 2 1 1 0 1 255 765 363
i 1 1 1 0 1 127 382 284
i 2 1 1 0 1 382 1147 389
i 1 1 1 0 1 127 382 127
i 2 1 1 0 1 382 1147 737
i 1 1 1 0 1 127 382 127
i 3 1 1 0 1 382 1147 382
i 1 1 1 0 1 127 382 127
i 4 1 1 0 1 382 1147 382
i 2 1 1 0 1 127 382 323
i 3 1 1 0 1 382 1147 382
i 4 1 1 0 1 127 382 127
i 3 1 1 0 1 382 1147 957
i 3 1 1 0 1 127 382 376
i 1 1 1 0 1 382 1147 850
i 3 1 1 0 1 255 765 673
i 1 1 1 0 1 127 382 127
i 2 1 1 0 1 255 765 255
i 1 1 1 0 1 765 2295 846
i 1 1 1 0 1 382 1147 438
i 4 1 1 0 1 382 1147 382
i 1 1 1 0 1 255 765 448
i 3 1 1 0 1 382 1147 382
i 4 1 1 0 1 510 1530 1380
i 4 1 1 0 1 382 1147 667
i 4 1 1 0 1 255 765 757
i 4 1 1 0 1 75 225 75
i 4 1 1 0 1 75 225 75
i 4 1 1 0 1 127 382 161
i 3 1 1 0 1 127 382 253
i 3 1 1 0 1 127 382 127
i 3 1 1 0 1 75 225 167
i 1 1 1 0 1 75 225 138
i 1 1 1 0 1 127 382 127
i 4 1 1 0 1 127 382 265
i 4 1 1 0 1 382 1147 823
i 4 1 1 0 1 382 1147 382
i 2 1 1 0 1 382 1147 382
i 4 1 1 0 1 127 382 331
i 2 1 1 0 1 150 450 150
i 2 1 1 0 1 127 382 286
i 4 1 1 0 1 255 765 255
i 3 1 1 0 1 382 1147 382
i 4 1 1 0 1 49 148 49
i 3 1 1 0 1 510 765 678
i 1 1 1 0 1 255 765 255
i 2 1 1 0 1 255 765 255
i 1 1 1 0 1 382 1147 637
i 1 1 1 0 1 127 382 127
i 4 1 1 0 1 382 1147 382
i 2 1 1 0 1 75 225 75
i 4 1 1 0 1 255 765 255
i 3 1 1 0 1 127 382 367
i 1 1 1 0 1 127 382 127
i 4 1 1 0 1 75 225 205
i 2 1 1 0 1 127 382 281
i 4 1 1 0 1 382 1147 382
i 1 1 1 0 1 75 225 119
i 4 1 1 0 1 255 1275 255
i 4 1 1 0 1 127 382 127
i 2 1 1 0 1 255 765 475
i 4 1 1 0 1 382 1147 964
i 3 1 1 0 1 255 765 566
i 1 1 1 0 1 382 1147 382
i 4 1 1 0 1 127 382 210
i 4 1 1 0 1 127 382 235
i 1 1 1 0 1 127 382 128
i 1 1 1 0 1 127 382 266
i 4 1 1 0 1 127 382 127
i 3 1 1 0 1 150 255 181
i 1 1 1 0 1 382 1147 382
i 1 1 1 0 1 127 382 127
i 4 1 1 0 1 127 382 127
i 2 1 1 0 1 255 765 255
i 4 1 1 0 1 127 382 127
i 1 1 1 0 1 127 382 127
i 3 1 1 0 1 382 1147 382
i 3 1 1 0 1 127 382 127
i 2 1 1 0 1 382 1147 382
i 3 1 1 0 1 127 382 127
i 3 1 1 0 1 127 382 127
i 1 1 1 0 1 382 1147 382
i 2 1 1 0 1 255 765 255
i 3 1 1 0 1 382 1147 382
i 3 1 1 0 1 127 382 127
i 1 1 1 0 1 382 1147 382
i 2 1 1 0 1 382 1147 382
i 1 1 1 0 1 75 225 75
i 4 1 1 0 1 127 382 127
i 2 1 1 0 1 127 382 127
i 4 1 1 0 1 382 1147 382
i 3 1 1 0 1 382 1147 382
i 4 1 1 0 1 765 1530 765
i 3 1 1 0 1 127 382 127
i 2 1 1 0 1 127 382 127
i 1 1 1 0 1 127 382 127
i 4 1 1 0 1 382 1147 382
i 4 1 1 0 1 510 765 510
i 4 1 1 0 1 255 765 255
i 3 1 1 0 1 127 382 127
i 2 1 1 0 1 127 382 127
i 2 1 1 0 1 382 1147 382
i 4 1 1 0 1 255 765 255
i 1 1 1 0 1 49 148 49
i 3 1 1 0 1 382 1147 382
i 3 1 1 0 1 382 1147 382
i 1 1 1 0 1 255 765 255
i 3 1 1 0 1 255 765 255
i 2 1 1 0 1 127 382 127
i 1 1 1 0 1 382 1147 382
i 1 1 1 0 1 1530 3060 1530
i 3 1 1 0 1 255 510 255
i 3 1 1 0 1 127 382 127
i 1 1 1 0 1 49 148 49
i 4 1 1 0 1 382 1147 382
i 4 1 1 0 1 127 382 127
i 1 1 1 0 1 127 382 127
i 3 1 1 0 1 75 225 75
i 4 1 1 0 1 127 382 127
i 1 1 1 0 1 255 510 255
i 1 1 1 0 1 127 382 127
i 4 1 1 0 1 75 225 75
i 3 1 1 0 1 225 675 225
i 4 1 1 0 1 127 382 127
i 1 1 1 0 1 127 382 127
i 4 1 1 0 1 382 1147 382
i 2 1 1 0 1 382 1147 382
i 1 1 1 0 1 127 382 127
i 3 1 1 0 1 255 765 255
i 2 1 1 0 1 127 382 127
i 3 1 1 0 1 127 382 127
i 1 1 1 0 1 382 1147 382
i 1 1 1 0 1 510 1530 510
i 4 1 1 0 1 127 382 127
i 3 1 1 0 1 127 382 127
i 3 1 1 0 1 127 382 127
i 4 1 1 0 1 382 1147 382
i 4 1 1 0 1 75 225 75
i 3 1 1 0 1 75 225 75
i 2 1 1 0 1 255 765 255
i 2 1 1 0 1 75 225 75
i 4 1 1 0 1 127 382 127
i 2 1 1 0 1 127 382 127
i 2 1 1 0 1 127 382 127
i 3 1 1 0 1 75 225 75
i 3 1 1 0 1 127 382 127
i 1 1 1 0 1 382 1147 382
i 4 1 1 0 1 255 765 255
i 2 1 1 0 1 127 382 127
i 4 1 1 0 1 127 382 127
i 4 1 1 0 1 127 382 127
i 2 1 1 0 1 127 382 127
i 1 1 1 0 1 510 1275 510
i 2 1 1 0 1 127 382 127
i 4 1 1 0 1 382 1147 382
i 3 1 1 0 1 255 765 255
i 3 1 1 0 1 255 765 255
i 2 1 1 0 1 75 225 75
i 3 1 1 0 1 127 382 127
i 2 1 1 0 1 127 382 127
i 2 1 1 0 1 127 382 127
i 3 1 1 0 1 127 382 127
i 2 1 1 0 1 127 382 127
i 4 1 1 0 1 127 382 127
i 3 1 1 0 1 150 450 150
i 2 1 1 0 1 127 382 127
i 1 1 1 0 1 382 1147 382
i 2 1 1 0 1 127 382 127
i 2 1 1 0 1 75 225 75
i 4 1 1 0 1 510 1530 510
i 2 1 1 0 1 382 1147 382
i 3 1 1 0 1 255 765 255
i 1 1 1 0 1 255 765 255
i 4 1 1 0 1 127 382 127
i 4 1 1 0 1 127 382 127
i 4 1 1 0 1 127 382 127
i 2 1 1 0 1 382 1147 382
i 3 1 1 0 1 127 382 127
i 1 1 1 0 1 382 1147 382
i 4 1 1 0 1 382 1147 382
i 2 1 1 0 1 255 765 255
i 2 1 1 0 1 127 382 127
i 1 1 1 0 1 382 1147 382
i 1 1 1 0 1 127 382 127
i 3 1 1 0 1 127 382 127
i 2 1 1 0 1 255 765 255
i 4 1 1 0 1 255 765 255
i 2 1 1 0 1 382 1147 382
i 1 1 1 0 1 75 225 75
i 1 1 1 0 1 127 382 127
i 2 1 1 0 1 127 382 127
k 13000 1.6
k 13000 1.6
k 13000 1.6
k 36000 3
k 36000 3
k 36000 3
k 36000 3
k 36000 3
