p 6 239 8 1 2 10000 54
i 0 1 1 0 1 255 765 479
i 0 1 1 0 1 255 255 255
i 0 1 1 0 1 150 150 150
i 0 1 1 0 1 99 99 99
i 0 1 1 0 1 255 255 255
i 0 1 1 0 1 255 255 255
i 0 1 1 0 1 510 510 510
i 0 1 1 0 1 255 255 255
i 0 1 1 0 1 99 99 99
i 0 1 1 0 1 150 150 150
i 0 1 1 0 1 150 150 150
i 1 1 1 0 1 382 1147 385
i 3 1 1 0 1 382 1147 382
i 2 1 1 0 1 255 765 451
i 2 1 1 0 1 127 382 243
i 4 1 1 0 1 75 225 91
i 2 1 1 0 1 127 382 127
i 4 1 1 0 1 127 382 127
i 4 1 1 0 1 127 382 127
i 1 1 1 0 1 127 382 127
i 3 1 1 0 1 255 765 255
i 4 1 1 0 1 127 382 249
i 1 1 1 0 1 1530 3060 2730
i 1 1 1 0 1 127 382 220
i 2 1 1 0 1 75 225 75
i 2 1 1 0 1 127 382 127
i 4 1 1 0 1 255 765 658
i 1 1 1 0 1 382 1147 382
i 1 1 1 0 1 127 382 287
i 1 1 1 0 1 127 382 140
i 2 1 1 0 1 127 382 216
i 4 1 1 0 1 127 382 127
i 4 1 1 0 1 382 1147 382
i 1 1 1 0 1 255 510 431
i 4 1 1 0 1 127 382 175
i 2 1 1 0 1 255 765 255
i 4 1 1 0 1 255 765 561
i 1 1 1 0 1 382 1147 382
i 3 1 1 0 1 127 382 346
i 3 1 1 0 1 255 765 399
i 2 1 1 0 1 127 382 381
i 3 1 1 0 1 127 382 127
i 1 1 1 0 1 127 382 139
i 4 1 1 0 1 127 382 127
i 2 1 1 0 1 75 225 104
i 2 1 1 0 1 49 148 49
i 2 1 1 0 1 127 382 127
i 3 1 1 0 1 127 382 155
i 3 1 1 0 1 75 225 106
i 4 1 1 0 1 127 382 127
i 3 1 1 0 1 127 382 189
i 2 1 1 0 1 382 1147 851
i 3 1 1 0 1 255 765 255
i 4 1 1 0 1 255 765 255
i 4 1 1 0 1 75 225 75
i 2 1 1 0 1 382 1147 666
i 3 1 1 0 1 255 765 388
i 4 1 1 0 1 255 765 255
i 4 1 1 0 1 127 382 127
i 1 1 1 0 1 127 382 127
i 1 1 1 0 1 382 1147 648
i 4 1 1 0 1 127 382 127
i 2 1 1 0 1 127 382 378
i 2 1 1 0 1 127 382 230
i 3 1 1 0 1 382 1147 382
i 4 1 1 0 1 382 1147 382
i 4 1 1 0 1 127 382 127
i 3 1 1 0 1 127 382 127
i 3 1 1 0 1 225 675 225
i 4 1 1 0 1 127 382 127
i 1 1 1 0 1 765 2295 1163
i 3 1 1 0 1 127 382 127
i 2 1 1 0 1 382 1147 877
i 1 1 1 0 1 127 382 127
i 3 1 1 0 1 382 1147 508
i 1 1 1 0 1 382 1147 382
i 3 1 1 0 1 127 382 139
i 1 1 1 0 1 75 225 75
i 3 1 1 0 1 127 382 180
i 4 1 1 0 1 510 1530 510
i 2 1 1 0 1 255 765 453
i 1 1 1 0 1 382 1147 1033
i 3 1 1 0 1 127 382 309
i 2 1 1 0 1 255 765 255
i 4 1 1 0 1 127 382 127
i 1 1 1 0 1 127 382 248
i 4 1 1 0 1 127 382 139
i 1 1 1 0 1 75 225 75
i 2 1 1 0 1 382 1147 382
i 1 1 1 0 1 127 382 233
i 3 1 1 0 1 382 1147 382
i 3 1 1 0 1 510 765 510
i 3 1 1 0 1 382 1147 905
i 1 1 1 0 1 382 1147 382
i 4 1 1 0 1 127 382 288
i 3 1 1 0 1 127 382 260
i 1 1 1 0 1 255 765 255
i 4 1 1 0 1 382 1147 1002
i 2 1 1 0 1 127 382 127
i 2 1 1 0 1 127 382 351
i 4 1 1 0 1 127 382 129
i 4 1 1 0 1 127 382 168
i 3 1 1 0 1 127 382 241
i 3 1 1 0 1 150 450 150
i 3 1 1 0 1 127 382 315
i 1 1 1 0 1 382 1147 382
i 3 1 1 0 1 127 382 240
i 4 1 1 0 1 382 1147 789
i 2 1 1 0 1 255 765 739
i 3 1 1 0 1 382 1147 749
i 4 1 1 0 1 382 1147 460
i 1 1 1 0 1 255 765 255
i 4 1 1 0 1 75 225 75
i 4 1 1 0 1 382 1147 928
i 4 1 1 0 1 382 1147 382
i 3 1 1 0 1 127 382 127
i 4 1 1 0 1 382 1147 382
i 1 1 1 0 1 382 1147 382
i 2 1 1 0 1 382 1147 382
i 2 1 1 0 1 127 382 127
i 4 1 1 0 1 75 225 75
i 3 1 1 0 1 127 382 127
i 3 1 1 0 1 150 255 150
i 3 1 1 0 1 127 382 127
i 4 1 1 0 1 127 382 127
i 1 1 1 0 1 382 1147 382
i 2 1 1 0 1 75 225 75
i 4 1 1 0 1 127 382 127
i 3 1 1 0 1 255 765 255
i 1 1 1 0 1 127 382 127
i 1 1 1 0 1 255 765 255
i 1 1 1 0 1 49 148 49
i 1 1 1 0 1 127 382 127
i 4 1 1 0 1 382 1147 382
i 2 1 1 0 1 255 765 255
i 1 1 1 0 1 382 1147 382
i 4 1 1 0 1 127 382 127
i 4 1 1 0 1 382 1147 382
i 2 1 1 0 1 382 1147 382
i 2 1 1 0 1 127 382 127
i 1 1 1 0 1 49 148 49
i 4 1 1 0 1 765 2295 765
i 1 1 1 0 1 382 1147 382
i 3 1 1 0 1 255 765 255
i 4 1 1 0 1 75 225 75
i 4 1 1 0 1 127 382 127
i 1 1 1 0 1 127 382 127
i 2 1 1 0 1 127 382 127
i 3 1 1 0 1 127 382 127
i 1 1 1 0 1 49 148 49
i 3 1 1 0 1 382 1147 382
i 2 1 1 0 1 255 765 255
i 4 1 1 0 1 49 148 49
i 3 1 1 0 1 75 225 75
i 4 1 1 0 1 255 765 255
i 3 1 1 0 1 382 1147 382
i 4 1 1 0 1 255 765 255
i 1 1 1 0 1 127 382 127
i 2 1 1 0 1 127 382 127
i 3 1 1 0 1 75 225 75
i 2 1 1 0 1 127 382 127
i 3 1 1 0 1 382 1147 382
i 3 1 1 0 1 382 1147 382
i 4 1 1 0 1 382 1147 382
i 2 1 1 0 1 127 382 127
i 1 1 1 0 1 510 1530 510
i 3 1 1 0 1 382 1147 382
i 3 1 1 0 1 255 765 255
i 2 1 1 0 1 255 765 255
i 3 1 1 0 1 127 382 127
i 3 1 1 0 1 127 382 127
i 4 1 1 0 1 382 1147 382
i 1 1 1 0 1 127 382 127
i 4 1 1 0 1 510 1530 510
i 2 1 1 0 1 382 1147 382
i 1 1 1 0 1 510 1275 510
i 2 1 1 0 1 382 1147 382
i 1 1 1 0 1 127 382 127
i 1 1 1 0 1 382 1147 382
i 3 1 1 0 1 255 510 255
i 4 1 1 0 1 510 765 510
i 4 1 1 0 1 127 382 127
i 4 1 1 0 1 255 765 255
i 4 1 1 0 1 382 1147 382
i 4 1 1 0 1 127 382 127
i 2 1 1 0 1 127 382 127
i 3 1 1 0 1 127 382 127
i 1 1 1 0 1 382 1147 382
i 1 1 1 0 1 382 1147 382
i 4 1 1 0 1 382 1147 382
i 2 1 1 0 1 127 382 127
i 1 1 1 0 1 255 765 255
i 4 1 1 0 1 127 382 127
i 3 1 1 0 1 127 382 127
i 3 1 1 0 1 127 382 127
i 3 1 1 0 1 127 382 127
i 3 1 1 0 1 382 1147 382
i 1 1 1 0 1 255 765 255
i 4 1 1 0 1 765 1530 765
i 3 1 1 0 1 255 765 255
i 4 1 1 0 1 127 382 127
i 2 1 1 0 1 127 382 127
i 1 1 1 0 1 382 1147 382
i 4 1 1 0 1 255 765 255
i 3 1 1 0 1 127 382 127
i 4 1 1 0 1 255 1275 255
i 1 1 1 0 1 127 382 127
i 4 1 1 0 1 127 382 127
i 3 1 1 0 1 127 382 127
i 2 1 1 0 1 382 1147 382
i 2 1 1 0 1 127 382 127
i 2 1 1 0 1 382 1147 382
i 2 1 1 0 1 127 382 127
i 3 1 1 0 1 75 225 75
i 2 1 1 0 1 150 450 150
i 2 1 1 0 1 255 765 255
i 4 1 1 0 1 382 1147 382
i 3 1 1 0 1 127 382 127
i 1 1 1 0 1 127 382 127
i 1 1 1 0 1 382 1147 382
i 4 1 1 0 1 127 382 127
i 4 1 1 0 1 127 382 127
i 3 1 1 0 1 382 1147 382
i 1 1 1 0 1 75 225 75
i 1 1 1 0 1 75 225 75
i 1 1 1 0 1 127 382 127
i 2 1 1 0 1 127 382 127
i 1 1 1 0 1 382 1147 382
i 2 1 1 0 1 127 382 127
i 4 1 1 0 1 382 1147 382
i 4 1 1 0 1 382 1147 382
i 1 1 1 0 1 127 382 127
i 4 1 1 0 1 382 1147 382
i 2 1 1 0 1 75 225 75
i 1 1 1 0 1 127 382 127
i 2 1 1 0 1 382 1147 382
i 2 1 1 0 1 382 1147 382
i 3 1 1 0 1 382 1147 382
i 2 1 1 0 1 127 382 127
k 13000 1.6
k 13000 1.6
k 13000 1.6
k 36000 3
k 36000 3
k 36000 3
k 36000 3
k 36000 3
