p 6 239 8 1 2 10000 54
i 0 1 1 0 1 255 765 479
i 0 1 1 0 1 255 255 255
i 0 1 1 0 1 150 150 150
i 0 1 1 0 1 99 99 99
i 0 1 1 0 1 255 255 255
i 0 1 1 0 1 255 255 255
i 0 1 1 0 1 510 510 510
i 0 1 1 0 1 255 255 255
i 0 1 1 0 1 99 99 99
i 0 1 1 0 1 150 150 150
i 0 1 1 0 1 150 150 150
i 3 1 1 0 1 382 1147 1034
i 1 1 1 0 1 127 382 193
i 4 1 1 0 1 765 2295 765
i 1 1 1 0 1 382 1147 382
i 4 1 1 0 1 382 1147 382
i 4 1 1 0 1 127 382 181
i 2 1 1 0 1 127 382 127
i 1 1 1 0 1 127 382 127
i 1 1 1 0 1 255 765 698
i 1 1 1 0 1 127 382 127
i 3 1 1 0 1 127 382 127
i 3 1 1 0 1 382 1147 699
i 3 1 1 0 1 255 765 435
i 1 1 1 0 1 127 382 324
i 3 1 1 0 1 127 382 150
i 1 1 1 0 1 127 382 127
i 2 1 1 0 1 127 382 308
i 4 1 1 0 1 127 382 130
i 4 1 1 0 1 127 382 127
i 4 1 1 0 1 127 382 236
i 2 1 1 0 1 127 382 127
i 2 1 1 0 1 127 382 127
i 1 1 1 0 1 255 765 656
i 2 1 1 0 1 49 148 137
i 4 1 1 0 1 127 382 127
i 2 1 1 0 1 127 382 127
i 3 1 1 0 1 127 382 346
i 1 1 1 0 1 127 382 146
i 4 1 1 0 1 382 1147 382
i 2 1 1 0 1 127 382 127
i 4 1 1 0 1 75 225 75
i 3 1 1 0 1 255 765 722
i 1 1 1 0 1 127 382 127
i 3 1 1 0 1 255 765 434
i 4 1 1 0 1 127 382 170
i 1 1 1 0 1 1530 3060 1761
i 1 1 1 0 1 382 1147 683
i 1 1 1 0 1 382 1147 666
i 2 1 1 0 1 382 1147 1078
i 4 1 1 0 1 127 382 194
i 2 1 1 0 1 382 1147 635
i 4 1 1 0 1 127 382 127
i 4 1 1 0 1 382 1147 382
i 1 1 1 0 1 510 1275 510
i 4 1 1 0 1 255 765 757
i 1 1 1 0 1 75 225 85
i 3 1 1 0 1 382 1147 876
i 3 1 1 0 1 127 382 127
i 1 1 1 0 1 75 225 187
i 4 1 1 0 1 382 1147 855
i 3 1 1 0 1 382 1147 382
i 2 1 1 0 1 75 225 75
i 2 1 1 0 1 127 382 135
i 3 1 1 0 1 127 382 127
i 1 1 1 0 1 382 1147 385
i 4 1 1 0 1 75 225 210
i 2 1 1 0 1 127 382 127
i 3 1 1 0 1 255 765 542
i 1 1 1 0 1 75 225 200
i 1 1 1 0 1 255 765 255
i 4 1 1 0 1 382 1147 998
i 4 1 1 0 1 255 765 255
i 3 1 1 0 1 255 765 261
i 3 1 1 0 1 382 1147 1023
i 1 1 1 0 1 49 148 54
i 1 1 1 0 1 127 382 127
i 4 1 1 0 1 255 765 512
i 1 1 1 0 1 382 1147 382
i 2 1 1 0 1 127 382 127
i 2 1 1 0 1 255 765 483
i 3 1 1 0 1 382 1147 382
i 2 1 1 0 1 127 382 138
i 2 1 1 0 1 127 382 127
i 4 1 1 0 1 382 1147 403
i 3 1 1 0 1 127 382 338
i 4 1 1 0 1 510 765 510
i 4 1 1 0 1 75 225 78
i 2 1 1 0 1 382 1147 382
i 4 1 1 0 1 382 1147 382
i 1 1 1 0 1 255 765 721
i 3 1 1 0 1 127 382 199
i 4 1 1 0 1 255 765 255
i 1 1 1 0 1 127 382 127
i 2 1 1 0 1 127 382 191
i 3 1 1 0 1 127 382 127
i 1 1 1 0 1 382 1147 1077
i 3 1 1 0 1 127 382 252
i 3 1 1 0 1 127 382 139
i 3 1 1 0 1 150 255 150
i 2 1 1 0 1 255 765 741
i 3 1 1 0 1 127 382 237
i 4 1 1 0 1 382 1147 1066
i 1 1 1 0 1 382 1147 382
i 3 1 1 0 1 150 450 439
i 2 1 1 0 1 255 765 255
i 4 1 1 0 1 127 382 127
i 2 1 1 0 1 255 765 255
i 4 1 1 0 1 510 1530 510
i 1 1 1 0 1 49 148 49
i 3 1 1 0 1 127 382 127
i 2 1 1 0 1 382 1147 382
i 1 1 1 0 1 382 1147 382
i 2 1 1 0 1 255 765 255
i 4 1 1 0 1 127 382 127
i 3 1 1 0 1 75 225 75
i 1 1 1 0 1 127 382 127
i 1 1 1 0 1 382 1147 382
i 1 1 1 0 1 382 1147 382
i 4 1 1 0 1 382 1147 382
i 3 1 1 0 1 127 382 127
i 3 1 1 0 1 255 765 255
i 2 1 1 0 1 127 382 127
i 4 1 1 0 1 127 382 127
i 1 1 1 0 1 382 1147 382
i 3 1 1 0 1 127 382 127
i 1 1 1 0 1 382 1147 382
i 2 1 1 0 1 127 382 127
i 4 1 1 0 1 127 382 127
i 2 1 1 0 1 127 382 127
i 1 1 1 0 1 382 1147 382
i 3 1 1 0 1 255 765 255
i 1 1 1 0 1 127 382 127
i 2 1 1 0 1 127 382 127
i 2 1 1 0 1 382 1147 382
i 4 1 1 0 1 382 1147 382
i 1 1 1 0 1 510 1530 510
i 4 1 1 0 1 255 1275 255
i 3 1 1 0 1 75 225 75
i 3 1 1 0 1 255 510 255
i 2 1 1 0 1 127 382 127
i 4 1 1 0 1 127 382 127
i 4 1 1 0 1 127 382 127
i 2 1 1 0 1 127 382 127
i 2 1 1 0 1 382 1147 382
i 1 1 1 0 1 382 1147 382
i 3 1 1 0 1 75 225 75
i 4 1 1 0 1 127 382 127
i 2 1 1 0 1 382 1147 382
i 1 1 1 0 1 127 382 127
i 4 1 1 0 1 382 1147 382
i 4 1 1 0 1 127 382 127
i 4 1 1 0 1 127 382 127
i 2 1 1 0 1 255 765 255
i 3 1 1 0 1 127 382 127
i 3 1 1 0 1 382 1147 382
i 2 1 1 0 1 127 382 127
i 3 1 1 0 1 382 1147 382
i 3 1 1 0 1 127 382 127
i 4 1 1 0 1 75 225 75
i 3 1 1 0 1 127 382 127
i 4 1 1 0 1 127 382 127
i 3 1 1 0 1 382 1147 382
i 1 1 1 0 1 127 382 127
i 3 1 1 0 1 382 1147 382
i 3 1 1 0 1 225 675 225
i 1 1 1 0 1 49 148 49
i 4 1 1 0 1 255 765 255
i 1 1 1 0 1 382 1147 382
i 3 1 1 0 1 382 1147 382
i 4 1 1 0 1 510 1530 510
i 4 1 1 0 1 127 382 127
i 2 1 1 0 1 382 1147 382
i 4 1 1 0 1 127 382 127
i 1 1 1 0 1 255 510 255
i 1 1 1 0 1 127 382 127
i 3 1 1 0 1 255 765 255
i 1 1 1 0 1 75 225 75
i 3 1 1 0 1 382 1147 382
i 2 1 1 0 1 127 382 127
i 2 1 1 0 1 255 765 255
i 1 1 1 0 1 382 1147 382
i 2 1 1 0 1 127 382 127
i 4 1 1 0 1 127 382 127
i 3 1 1 0 1 382 1147 382
i 3 1 1 0 1 510 765 510
i 4 1 1 0 1 127 382 127
i 2 1 1 0 1 255 765 255
i 1 1 1 0 1 127 382 127
i 1 1 1 0 1 127 382 127
i 2 1 1 0 1 75 225 75
i 3 1 1 0 1 382 1147 382
i 2 1 1 0 1 75 225 75
i 4 1 1 0 1 255 765 255
i 4 1 1 0 1 127 382 127
i 3 1 1 0 1 127 382 127
i 2 1 1 0 1 382 1147 382
i 2 1 1 0 1 75 225 75
i 2 1 1 0 1 382 1147 382
i 1 1 1 0 1 765 2295 765
i 3 1 1 0 1 127 382 127
i 4 1 1 0 1 382 1147 382
i 3 1 1 0 1 127 382 127
i 2 1 1 0 1 127 382 127
i 4 1 1 0 1 127 382 127
i 2 1 1 0 1 382 1147 382
i 3 1 1 0 1 127 382 127
i 2 1 1 0 1 150 450 150
i 3 1 1 0 1 127 382 127
i 1 1 1 0 1 127 382 127
i 1 1 1 0 1 382 1147 382
i 4 1 1 0 1 255 765 255
i 2 1 1 0 1 127 382 127
i 4 1 1 0 1 765 1530 765
i 4 1 1 0 1 127 382 127
i 1 1 1 0 1 127 382 127
i 4 1 1 0 1 382 1147 382
i 4 1 1 0 1 255 765 255
i 3 1 1 0 1 75 225 75
i 1 1 1 0 1 127 382 127
i 4 1 1 0 1 75 225 75
i 1 1 1 0 1 255 765 255
i 4 1 1 0 1 382 1147 382
i 2 1 1 0 1 255 765 255
i 1 1 1 0 1 127 382 127
i 4 1 1 0 1 49 148 49
i 4 1 1 0 1 382 1147 382
i 4 1 1 0 1 127 382 127
i 3 1 1 0 1 127 382 127
i 3 1 1 0 1 127 382 127
i 3 1 1 0 1 127 382 127
i 2 1 1 0 1 127 382 127
i 3 1 1 0 1 127 382 127
i 4 1 1 0 1 382 1147 382
i 1 1 1 0 1 382 1147 382
i 4 1 1 0 1 382 1147 382
i 2 1 1 0 1 382 1147 382
i 4 1 1 0 1 127 382 127
i 4 1 1 0 1 382 1147 382
k 13000 1.6
k 13000 1.6
k 13000 1.6
k 36000 3
k 36000 3
k 36000 3
k 36000 3
k 36000 3
