p 6 259 8 1 2 10000 42
i 0 1 1 0 1 425 425 425
i 0 1 1 0 1 425 425 425
i 0 1 1 0 1 425 425 425
i 0 1 1 0 1 425 425 425
i 0 1 1 0 1 850 850 850
i 0 1 1 0 1 425 425 425
i 0 1 1 0 1 425 425 425
i 0 1 1 0 1 1275 1275 1275
i 0 1 1 0 1 250 250 250
i 0 1 1 0 1 1275 1275 1275
i 0 1 1 0 1 250 250 250
i 0 1 1 0 1 250 250 250
i 0 1 1 0 1 1700 1700 1700
i 0 1 1 0 1 1275 1275 1275
i 0 1 1 0 1 425 425 425
i 0 1 1 0 1 580 3480 3214
i 0 1 1 0 1 915 915 915
i 0 1 1 0 1 425 425 425
i 0 1 1 0 1 425 425 425
i 0 1 1 0 1 1275 2550 1632
i 0 1 1 0 1 1275 1275 1275
i 0 1 1 0 1 425 425 425
i 0 1 1 0 1 250 250 250
i 0 1 1 0 1 1275 1275 1275
i 0 1 1 0 1 2550 2550 2550
i 0 1 1 0 1 425 425 425
i 0 1 1 0 1 425 425 425
i 0 1 1 0 1 1275 1275 1275
i 0 1 1 0 1 250 250 250
i 0 1 1 0 1 250 250 250
i 0 1 1 0 1 425 425 425
i 0 1 1 0 1 250 250 250
i 0 1 1 0 1 425 425 425
i 0 1 1 0 1 1275 1275 1275
i 0 1 1 0 1 425 425 425
i 0 1 1 0 1 425 425 425
i 0 1 1 0 1 1275 1275 1275
i 0 1 1 0 1 250 250 250
i 0 1 1 0 1 425 425 425
i 0 1 1 0 1 165 165 165
i 0 1 1 0 1 425 425 425
i 0 1 1 0 1 425 425 425
i 0 1 1 0 1 1275 1275 1275
i 0 1 1 0 1 850 850 850
i 0 1 1 0 1 1275 1275 1275
i 0 1 1 0 1 250 250 250
i 0 1 1 0 1 1275 1275 1275
i 0 1 1 0 1 675 675 675
i 0 1 1 0 1 1275 1275 1275
i 0 1 1 0 1 850 850 850
i 0 1 1 0 1 425 425 425
i 0 1 1 0 1 425 425 425
i 0 1 1 0 1 1275 1275 1275
i 0 1 1 0 1 250 250 250
i 0 1 1 0 1 425 425 425
i 0 1 1 0 1 425 425 425
i 0 1 1 0 1 1275 1275 1275
i 0 1 1 0 1 425 425 425
i 0 1 1 0 1 1275 1275 1275
i 0 1 1 0 1 1275 1275 1275
i 0 1 1 0 1 425 425 425
i 0 1 1 0 1 425 425 425
i 0 1 1 0 1 660 660 660
i 0 1 1 0 1 425 425 425
i 0 1 1 0 1 425 425 425
i 0 1 1 0 1 425 425 425
i 0 1 1 0 1 425 425 425
i 0 1 1 0 1 1275 1275 1275
i 0 1 1 0 1 500 500 500
i 0 1 1 0 1 425 425 425
i 0 1 1 0 1 250 250 250
i 0 1 1 0 1 1275 1275 1275
i 0 1 1 0 1 425 425 425
i 0 1 1 0 1 250 250 250
i 0 1 1 0 1 1275 1275 1275
i 0 1 1 0 1 1275 1275 1275
i 0 1 1 0 1 1275 1275 1275
i 0 1 1 0 1 425 425 425
i 0 1 1 0 1 425 425 425
i 0 1 1 0 1 1275 1275 1275
i 0 1 1 0 1 1275 1275 1275
i 0 1 1 0 1 425 425 425
i 0 1 1 0 1 425 425 425
i 0 1 1 0 1 850 850 850
i 0 1 1 0 1 850 850 850
i 0 1 1 0 1 425 425 425
i 0 1 1 0 1 425 425 425
i 0 1 1 0 1 250 250 250
i 0 1 1 0 1 425 425 425
i 0 1 1 0 1 1275 1275 1275
i 0 1 1 0 1 250 250 250
i 0 1 1 0 1 165 165 165
i 0 1 1 0 1 425 425 425
i 0 1 1 0 1 250 250 250
i 0 1 1 0 1 1275 1275 1275
i 0 1 1 0 1 425 425 425
i 0 1 1 0 1 425 425 425
i 0 1 1 0 1 425 425 425
i 0 1 1 0 1 1275 1275 1275
i 0 1 1 0 1 425 425 425
i 0 1 1 0 1 425 425 425
i 0 1 1 0 1 425 425 425
i 0 1 1 0 1 1275 1275 1275
i 0 1 1 0 1 1275 1275 1275
i 0 1 1 0 1 425 425 425
i 0 1 1 0 1 425 425 425
i 0 1 1 0 1 425 425 425
i 0 1 1 0 1 1275 1275 1275
i 0 1 1 0 1 425 425 425
i 0 1 1 0 1 495 495 495
i 0 1 1 0 1 2550 2550 2550
i 0 1 1 0 1 425 425 425
i 0 1 1 0 1 660 660 660
i 3 1 1 0 1 212 637 212
i 3 1 1 0 1 212 637 564
i 3 1 1 0 1 212 637 212
i 2 1 1 0 1 212 637 359
i 1 1 1 0 1 212 637 327
i 3 1 1 0 1 125 375 332
i 3 1 1 0 1 212 637 212
i 3 1 1 0 1 125 375 125
i 1 1 1 0 1 212 637 212
i 4 1 1 0 1 637 1912 637
i 1 1 1 0 1 212 637 212
i 2 1 1 0 1 637 1912 927
i 4 1 1 0 1 330 990 330
i 3 1 1 0 1 125 375 172
i 3 1 1 0 1 212 637 212
i 3 1 1 0 1 637 1912 1586
i 4 1 1 0 1 212 637 378
i 2 1 1 0 1 212 637 611
i 4 1 1 0 1 425 1275 860
i 4 1 1 0 1 637 1912 1191
i 4 1 1 0 1 212 637 212
i 1 1 1 0 1 212 637 476
i 4 1 1 0 1 212 637 212
i 1 1 1 0 1 125 375 177
i 4 1 1 0 1 637 1912 637
i 4 1 1 0 1 212 637 212
i 3 1 1 0 1 212 637 560
i 2 1 1 0 1 337 1012 337
i 1 1 1 0 1 212 637 212
i 4 1 1 0 1 637 1912 637
i 4 1 1 0 1 425 1275 425
i 4 1 1 0 1 212 637 212
i 1 1 1 0 1 212 637 347
i 4 1 1 0 1 125 375 229
i 3 1 1 0 1 212 637 212
i 2 1 1 0 1 637 1912 637
i 3 1 1 0 1 637 1912 1561
i 1 1 1 0 1 212 637 212
i 4 1 1 0 1 637 1912 1528
i 1 1 1 0 1 637 1912 637
i 2 1 1 0 1 637 1912 1053
i 4 1 1 0 1 637 1912 637
i 1 1 1 0 1 637 1912 816
i 1 1 1 0 1 375 1125 375
i 3 1 1 0 1 637 1912 1738
i 3 1 1 0 1 212 637 212
i 1 1 1 0 1 212 637 343
i 2 1 1 0 1 212 637 212
i 2 1 1 0 1 637 1912 637
i 3 1 1 0 1 212 637 326
i 2 1 1 0 1 212 637 311
i 1 1 1 0 1 212 637 212
i 4 1 1 0 1 1275 2125 2112
i 1 1 1 0 1 425 1275 425
i 1 1 1 0 1 212 637 265
i 1 1 1 0 1 247 742 644
i 4 1 1 0 1 212 637 220
i 4 1 1 0 1 212 637 212
i 4 1 1 0 1 212 637 212
i 2 1 1 0 1 212 637 212
i 4 1 1 0 1 637 1912 753
i 2 1 1 0 1 637 1912 637
i 3 1 1 0 1 125 375 125
i 3 1 1 0 1 330 990 479
i 2 1 1 0 1 212 637 316
i 4 1 1 0 1 125 375 125
i 4 1 1 0 1 212 637 212
i 4 1 1 0 1 330 990 330
i 3 1 1 0 1 212 637 212
i 3 1 1 0 1 212 637 212
i 3 1 1 0 1 212 637 391
i 3 1 1 0 1 212 637 557
i 2 1 1 0 1 212 637 364
i 4 1 1 0 1 212 637 212
i 3 1 1 0 1 212 637 280
i 3 1 1 0 1 212 637 548
i 3 1 1 0 1 212 637 212
i 4 1 1 0 1 247 742 493
i 1 1 1 0 1 637 1912 637
i 1 1 1 0 1 637 1912 637
i 2 1 1 0 1 212 637 630
i 1 1 1 0 1 637 1912 1630
i 3 1 1 0 1 212 637 212
i 4 1 1 0 1 212 637 212
i 1 1 1 0 1 212 637 212
i 1 1 1 0 1 637 1912 637
i 3 1 1 0 1 212 637 547
i 2 1 1 0 1 125 375 240
i 4 1 1 0 1 212 637 239
i 3 1 1 0 1 637 1912 637
i 1 1 1 0 1 212 637 212
i 2 1 1 0 1 212 637 212
i 4 1 1 0 1 637 1912 637
i 2 1 1 0 1 212 637 212
i 2 1 1 0 1 125 375 125
i 3 1 1 0 1 82 247 82
i 2 1 1 0 1 425 1275 425
i 4 1 1 0 1 537 1612 537
i 2 1 1 0 1 212 637 212
i 3 1 1 0 1 637 1912 637
i 1 1 1 0 1 425 1275 425
i 3 1 1 0 1 212 637 212
i 4 1 1 0 1 637 1912 637
i 4 1 1 0 1 212 637 212
i 2 1 1 0 1 212 637 212
i 3 1 1 0 1 212 637 212
i 1 1 1 0 1 125 375 125
i 2 1 1 0 1 250 750 250
i 3 1 1 0 1 212 637 212
i 1 1 1 0 1 637 1912 637
i 3 1 1 0 1 125 375 125
i 3 1 1 0 1 125 375 125
i 3 1 1 0 1 212 637 212
i 1 1 1 0 1 212 637 212
i 3 1 1 0 1 212 637 212
i 1 1 1 0 1 212 637 212
i 2 1 1 0 1 637 1912 637
i 1 1 1 0 1 212 637 212
i 2 1 1 0 1 212 637 212
i 2 1 1 0 1 637 1912 637
i 3 1 1 0 1 290 870 290
i 2 1 1 0 1 212 637 212
i 3 1 1 0 1 125 375 125
i 1 1 1 0 1 425 1275 425
i 4 1 1 0 1 637 1912 637
i 3 1 1 0 1 637 1912 637
i 2 1 1 0 1 212 637 212
i 1 1 1 0 1 212 637 212
i 2 1 1 0 1 637 1912 637
i 2 1 1 0 1 637 1912 637
i 3 1 1 0 1 637 1912 637
i 1 1 1 0 1 212 637 212
i 4 1 1 0 1 637 1912 637
i 3 1 1 0 1 425 850 425
i 4 1 1 0 1 637 1912 637
i 1 1 1 0 1 212 637 212
i 4 1 1 0 1 212 637 212
i 4 1 1 0 1 212 637 212
i 3 1 1 0 1 212 637 212
i 2 1 1 0 1 212 637 212
i 2 1 1 0 1 637 1912 637
i 4 1 1 0 1 212 637 212
i 1 1 1 0 1 212 637 212
i 4 1 1 0 1 125 375 125
i 4 1 1 0 1 212 637 212
i 3 1 1 0 1 637 1912 637
k 13000 1.6
k 13000 1.6
k 13000 1.6
k 36000 3
k 36000 3
k 36000 3
k 36000 3
k 36000 3
