p 6 259 8 1 2 10000 42
i 0 1 1 0 1 425 425 425
i 0 1 1 0 1 425 425 425
i 0 1 1 0 1 425 425 425
i 0 1 1 0 1 425 425 425
i 0 1 1 0 1 850 850 850
i 0 1 1 0 1 425 425 425
i 0 1 1 0 1 425 425 425
i 0 1 1 0 1 1275 1275 1275
i 0 1 1 0 1 250 250 250
i 0 1 1 0 1 1275 1275 1275
i 0 1 1 0 1 250 250 250
i 0 1 1 0 1 250 250 250
i 0 1 1 0 1 1700 1700 1700
i 0 1 1 0 1 1275 1275 1275
i 0 1 1 0 1 425 425 425
i 0 1 1 0 1 580 3480 3214
i 0 1 1 0 1 915 915 915
i 0 1 1 0 1 425 425 425
i 0 1 1 0 1 425 425 425
i 0 1 1 0 1 1275 2550 1632
i 0 1 1 0 1 1275 1275 1275
i 0 1 1 0 1 425 425 425
i 0 1 1 0 1 250 250 250
i 0 1 1 0 1 1275 1275 1275
i 0 1 1 0 1 2550 2550 2550
i 0 1 1 0 1 425 425 425
i 0 1 1 0 1 425 425 425
i 0 1 1 0 1 1275 1275 1275
i 0 1 1 0 1 250 250 250
i 0 1 1 0 1 250 250 250
i 0 1 1 0 1 425 425 425
i 0 1 1 0 1 250 250 250
i 0 1 1 0 1 425 425 425
i 0 1 1 0 1 1275 1275 1275
i 0 1 1 0 1 425 425 425
i 0 1 1 0 1 425 425 425
i 0 1 1 0 1 1275 1275 1275
i 0 1 1 0 1 250 250 250
i 0 1 1 0 1 425 425 425
i 0 1 1 0 1 165 165 165
i 0 1 1 0 1 425 425 425
i 0 1 1 0 1 425 425 425
i 0 1 1 0 1 1275 1275 1275
i 0 1 1 0 1 850 850 850
i 0 1 1 0 1 1275 1275 1275
i 0 1 1 0 1 250 250 250
i 0 1 1 0 1 1275 1275 1275
i 0 1 1 0 1 675 675 675
i 0 1 1 0 1 1275 1275 1275
i 0 1 1 0 1 850 850 850
i 0 1 1 0 1 425 425 425
i 0 1 1 0 1 425 425 425
i 0 1 1 0 1 1275 1275 1275
i 0 1 1 0 1 250 250 250
i 0 1 1 0 1 425 425 425
i 0 1 1 0 1 425 425 425
i 0 1 1 0 1 1275 1275 1275
i 0 1 1 0 1 425 425 425
i 0 1 1 0 1 1275 1275 1275
i 0 1 1 0 1 1275 1275 1275
i 0 1 1 0 1 425 425 425
i 0 1 1 0 1 425 425 425
i 0 1 1 0 1 660 660 660
i 0 1 1 0 1 425 425 425
i 0 1 1 0 1 425 425 425
i 0 1 1 0 1 425 425 425
i 0 1 1 0 1 425 425 425
i 0 1 1 0 1 1275 1275 1275
i 0 1 1 0 1 500 500 500
i 0 1 1 0 1 425 425 425
i 0 1 1 0 1 250 250 250
i 0 1 1 0 1 1275 1275 1275
i 0 1 1 0 1 425 425 425
i 0 1 1 0 1 250 250 250
i 0 1 1 0 1 1275 1275 1275
i 0 1 1 0 1 1275 1275 1275
i 0 1 1 0 1 1275 1275 1275
i 0 1 1 0 1 425 425 425
i 0 1 1 0 1 425 425 425
i 0 1 1 0 1 1275 1275 1275
i 0 1 1 0 1 1275 1275 1275
i 0 1 1 0 1 425 425 425
i 0 1 1 0 1 425 425 425
i 0 1 1 0 1 850 850 850
i 0 1 1 0 1 850 850 850
i 0 1 1 0 1 425 425 425
i 0 1 1 0 1 425 425 425
i 0 1 1 0 1 250 250 250
i 0 1 1 0 1 425 425 425
i 0 1 1 0 1 1275 1275 1275
i 0 1 1 0 1 250 250 250
i 0 1 1 0 1 165 165 165
i 0 1 1 0 1 425 425 425
i 0 1 1 0 1 250 250 250
i 0 1 1 0 1 1275 1275 1275
i 0 1 1 0 1 425 425 425
i 0 1 1 0 1 425 425 425
i 0 1 1 0 1 425 425 425
i 0 1 1 0 1 1275 1275 1275
i 0 1 1 0 1 425 425 425
i 0 1 1 0 1 425 425 425
i 0 1 1 0 1 425 425 425
i 0 1 1 0 1 1275 1275 1275
i 0 1 1 0 1 1275 1275 1275
i 0 1 1 0 1 425 425 425
i 0 1 1 0 1 425 425 425
i 0 1 1 0 1 425 425 425
i 0 1 1 0 1 1275 1275 1275
i 0 1 1 0 1 425 425 425
i 0 1 1 0 1 495 495 495
i 0 1 1 0 1 2550 2550 2550
i 0 1 1 0 1 425 425 425
i 0 1 1 0 1 660 660 660
i 3 1 1 0 1 212 637 475
i 4 1 1 0 1 330 990 760
i 2 1 1 0 1 637 1912 1877
i 2 1 1 0 1 637 1912 959
i 2 1 1 0 1 212 637 395
i 2 1 1 0 1 212 637 300
i 3 1 1 0 1 425 850 541
i 4 1 1 0 1 425 1275 425
i 3 1 1 0 1 212 637 212
i 1 1 1 0 1 212 637 212
i 4 1 1 0 1 212 637 212
i 3 1 1 0 1 212 637 366
i 4 1 1 0 1 212 637 218
i 3 1 1 0 1 125 375 125
i 4 1 1 0 1 637 1912 637
i 1 1 1 0 1 212 637 455
i 4 1 1 0 1 637 1912 637
i 3 1 1 0 1 125 375 278
i 2 1 1 0 1 637 1912 637
i 1 1 1 0 1 212 637 212
i 3 1 1 0 1 330 990 330
i 4 1 1 0 1 212 637 323
i 2 1 1 0 1 212 637 212
i 4 1 1 0 1 637 1912 1492
i 1 1 1 0 1 125 375 279
i 4 1 1 0 1 637 1912 637
i 3 1 1 0 1 290 870 761
i 3 1 1 0 1 212 637 212
i 2 1 1 0 1 637 1912 637
i 4 1 1 0 1 637 1912 637
i 4 1 1 0 1 637 1912 1029
i 2 1 1 0 1 212 637 212
i 1 1 1 0 1 212 637 212
i 1 1 1 0 1 425 1275 425
i 2 1 1 0 1 212 637 212
i 2 1 1 0 1 250 750 721
i 1 1 1 0 1 637 1912 637
i 2 1 1 0 1 337 1012 337
i 3 1 1 0 1 125 375 334
i 2 1 1 0 1 637 1912 637
i 3 1 1 0 1 82 247 218
i 3 1 1 0 1 212 637 620
i 4 1 1 0 1 425 1275 915
i 4 1 1 0 1 212 637 506
i 1 1 1 0 1 637 1912 637
i 4 1 1 0 1 212 637 299
i 4 1 1 0 1 212 637 592
i 1 1 1 0 1 212 637 212
i 1 1 1 0 1 637 1912 637
i 1 1 1 0 1 637 1912 637
i 2 1 1 0 1 212 637 212
i 4 1 1 0 1 212 637 212
i 1 1 1 0 1 425 1275 425
i 1 1 1 0 1 212 637 212
i 2 1 1 0 1 637 1912 637
i 2 1 1 0 1 212 637 212
i 1 1 1 0 1 637 1912 1249
i 3 1 1 0 1 637 1912 637
i 4 1 1 0 1 212 637 212
i 1 1 1 0 1 212 637 212
i 2 1 1 0 1 212 637 235
i 3 1 1 0 1 212 637 212
i 4 1 1 0 1 637 1912 637
i 3 1 1 0 1 125 375 251
i 1 1 1 0 1 125 375 125
i 3 1 1 0 1 212 637 212
i 3 1 1 0 1 125 375 175
i 4 1 1 0 1 212 637 212
i 3 1 1 0 1 637 1912 637
i 2 1 1 0 1 212 637 212
i 4 1 1 0 1 637 1912 637
i 3 1 1 0 1 212 637 212
i 2 1 1 0 1 637 1912 1006
i 3 1 1 0 1 212 637 212
i 4 1 1 0 1 637 1912 1660
i 3 1 1 0 1 637 1912 637
i 3 1 1 0 1 212 637 540
i 4 1 1 0 1 637 1912 637
i 3 1 1 0 1 212 637 280
i 2 1 1 0 1 125 375 125
i 1 1 1 0 1 212 637 212
i 2 1 1 0 1 425 1275 425
i 4 1 1 0 1 212 637 212
i 2 1 1 0 1 212 637 212
i 4 1 1 0 1 212 637 212
i 1 1 1 0 1 212 637 436
i 4 1 1 0 1 330 990 330
i 1 1 1 0 1 212 637 212
i 1 1 1 0 1 212 637 212
i 1 1 1 0 1 212 637 259
i 3 1 1 0 1 212 637 264
i 3 1 1 0 1 125 375 125
i 1 1 1 0 1 212 637 398
i 1 1 1 0 1 637 1912 637
i 2 1 1 0 1 637 1912 850
i 4 1 1 0 1 212 637 212
i 3 1 1 0 1 212 637 619
i 4 1 1 0 1 247 742 289
i 3 1 1 0 1 212 637 212
i 4 1 1 0 1 212 637 247
i 4 1 1 0 1 125 375 125
i 3 1 1 0 1 637 1912 742
i 3 1 1 0 1 212 637 580
i 3 1 1 0 1 212 637 212
i 1 1 1 0 1 212 637 212
i 3 1 1 0 1 637 1912 637
i 4 1 1 0 1 637 1912 637
i 3 1 1 0 1 212 637 212
i 3 1 1 0 1 212 637 212
i 1 1 1 0 1 212 637 212
i 2 1 1 0 1 212 637 212
i 3 1 1 0 1 637 1912 637
i 3 1 1 0 1 212 637 212
i 4 1 1 0 1 125 375 125
i 1 1 1 0 1 247 742 247
i 4 1 1 0 1 1275 2125 1275
i 4 1 1 0 1 212 637 212
i 4 1 1 0 1 212 637 212
i 2 1 1 0 1 212 637 212
i 2 1 1 0 1 212 637 212
i 4 1 1 0 1 125 375 125
i 2 1 1 0 1 212 637 212
i 3 1 1 0 1 637 1912 637
i 3 1 1 0 1 637 1912 637
i 2 1 1 0 1 637 1912 637
i 3 1 1 0 1 212 637 212
i 1 1 1 0 1 425 1275 425
i 2 1 1 0 1 637 1912 637
i 2 1 1 0 1 212 637 212
i 3 1 1 0 1 125 375 125
i 1 1 1 0 1 637 1912 637
i 3 1 1 0 1 212 637 212
i 4 1 1 0 1 637 1912 637
i 2 1 1 0 1 212 637 212
i 4 1 1 0 1 212 637 212
i 3 1 1 0 1 212 637 212
i 4 1 1 0 1 212 637 212
i 3 1 1 0 1 212 637 212
i 1 1 1 0 1 212 637 212
i 1 1 1 0 1 212 637 212
i 1 1 1 0 1 212 637 212
i 2 1 1 0 1 125 375 125
i 3 1 1 0 1 212 637 212
i 4 1 1 0 1 537 1612 537
i 1 1 1 0 1 212 637 212
i 1 1 1 0 1 375 1125 375
k 13000 1.6
k 13000 1.6
k 13000 1.6
k 36000 3
k 36000 3
k 36000 3
k 36000 3
k 36000 3
