p 6 259 8 1 2 10000 42
i 0 1 1 0 1 425 425 425
i 0 1 1 0 1 425 425 425
i 0 1 1 0 1 425 425 425
i 0 1 1 0 1 425 425 425
i 0 1 1 0 1 850 850 850
i 0 1 1 0 1 425 425 425
i 0 1 1 0 1 425 425 425
i 0 1 1 0 1 1275 1275 1275
i 0 1 1 0 1 250 250 250
i 0 1 1 0 1 1275 1275 1275
i 0 1 1 0 1 250 250 250
i 0 1 1 0 1 250 250 250
i 0 1 1 0 1 1700 1700 1700
i 0 1 1 0 1 1275 1275 1275
i 0 1 1 0 1 425 425 425
i 0 1 1 0 1 580 3480 3214
i 0 1 1 0 1 915 915 915
i 0 1 1 0 1 425 425 425
i 0 1 1 0 1 425 425 425
i 0 1 1 0 1 1275 2550 1632
i 0 1 1 0 1 1275 1275 1275
i 0 1 1 0 1 425 425 425
i 0 1 1 0 1 250 250 250
i 0 1 1 0 1 1275 1275 1275
i 0 1 1 0 1 2550 2550 2550
i 0 1 1 0 1 425 425 425
i 0 1 1 0 1 425 425 425
i 0 1 1 0 1 1275 1275 1275
i 0 1 1 0 1 250 250 250
i 0 1 1 0 1 250 250 250
i 0 1 1 0 1 425 425 425
i 0 1 1 0 1 250 250 250
i 0 1 1 0 1 425 425 425
i 0 1 1 0 1 1275 1275 1275
i 0 1 1 0 1 425 425 425
i 0 1 1 0 1 425 425 425
i 0 1 1 0 1 1275 1275 1275
i 0 1 1 0 1 250 250 250
i 0 1 1 0 1 425 425 425
i 0 1 1 0 1 165 165 165
i 0 1 1 0 1 425 425 425
i 0 1 1 0 1 425 425 425
i 0 1 1 0 1 1275 1275 1275
i 0 1 1 0 1 850 850 850
i 0 1 1 0 1 1275 1275 1275
i 0 1 1 0 1 250 250 250
i 0 1 1 0 1 1275 1275 1275
i 0 1 1 0 1 675 675 675
i 0 1 1 0 1 1275 1275 1275
i 0 1 1 0 1 850 850 850
i 0 1 1 0 1 425 425 425
i 0 1 1 0 1 425 425 425
i 0 1 1 0 1 1275 1275 1275
i 0 1 1 0 1 250 250 250
i 0 1 1 0 1 425 425 425
i 0 1 1 0 1 425 425 425
i 0 1 1 0 1 1275 1275 1275
i 0 1 1 0 1 425 425 425
i 0 1 1 0 1 1275 1275 1275
i 0 1 1 0 1 1275 1275 1275
i 0 1 1 0 1 425 425 425
i 0 1 1 0 1 425 425 425
i 0 1 1 0 1 660 660 660
i 0 1 1 0 1 425 425 425
i 0 1 1 0 1 425 425 425
i 0 1 1 0 1 425 425 425
i 0 1 1 0 1 425 425 425
i 0 1 1 0 1 1275 1275 1275
i 0 1 1 0 1 500 500 500
i 0 1 1 0 1 425 425 425
i 0 1 1 0 1 250 250 250
i 0 1 1 0 1 1275 1275 1275
i 0 1 1 0 1 425 425 425
i 0 1 1 0 1 250 250 250
i 0 1 1 0 1 1275 1275 1275
i 0 1 1 0 1 1275 1275 1275
i 0 1 1 0 1 1275 1275 1275
i 0 1 1 0 1 425 425 425
i 0 1 1 0 1 425 425 425
i 0 1 1 0 1 1275 1275 1275
i 0 1 1 0 1 1275 1275 1275
i 0 1 1 0 1 425 425 425
i 0 1 1 0 1 425 425 425
i 0 1 1 0 1 850 850 850
i 0 1 1 0 1 850 850 850
i 0 1 1 0 1 425 425 425
i 0 1 1 0 1 425 425 425
i 0 1 1 0 1 250 250 250
i 0 1 1 0 1 425 425 425
i 0 1 1 0 1 1275 1275 1275
i 0 1 1 0 1 250 250 250
i 0 1 1 0 1 165 165 165
i 0 1 1 0 1 425 425 425
i 0 1 1 0 1 250 250 250
i 0 1 1 0 1 1275 1275 1275
i 0 1 1 0 1 425 425 425
i 0 1 1 0 1 425 425 425
i 0 1 1 0 1 425 425 425
i 0 1 1 0 1 1275 1275 1275
i 0 1 1 0 1 425 425 425
i 0 1 1 0 1 425 425 425
i 0 1 1 0 1 425 425 425
i 0 1 1 0 1 1275 1275 1275
i 0 1 1 0 1 1275 1275 1275
i 0 1 1 0 1 425 425 425
i 0 1 1 0 1 425 425 425
i 0 1 1 0 1 425 425 425
i 0 1 1 0 1 1275 1275 1275
i 0 1 1 0 1 425 425 425
i 0 1 1 0 1 495 495 495
i 0 1 1 0 1 2550 2550 2550
i 0 1 1 0 1 425 425 425
i 0 1 1 0 1 660 660 660
i 3 1 1 0 1 212 637 594
i 1 1 1 0 1 637 1912 926
i 4 1 1 0 1 425 1275 425
i 1 1 1 0 1 425 1275 425
i 2 1 1 0 1 212 637 212
i 2 1 1 0 1 212 637 212
i 2 1 1 0 1 212 637 595
i 1 1 1 0 1 375 1125 375
i 1 1 1 0 1 637 1912 1788
i 2 1 1 0 1 637 1912 1837
i 4 1 1 0 1 637 1912 825
i 3 1 1 0 1 290 870 290
i 1 1 1 0 1 425 1275 425
i 2 1 1 0 1 212 637 252
i 1 1 1 0 1 125 375 125
i 4 1 1 0 1 330 990 330
i 3 1 1 0 1 212 637 212
i 1 1 1 0 1 637 1912 637
i 4 1 1 0 1 637 1912 637
i 3 1 1 0 1 637 1912 637
i 3 1 1 0 1 212 637 636
i 1 1 1 0 1 212 637 256
i 2 1 1 0 1 125 375 328
i 4 1 1 0 1 637 1912 856
i 4 1 1 0 1 212 637 346
i 4 1 1 0 1 637 1912 1292
i 3 1 1 0 1 425 850 425
i 3 1 1 0 1 212 637 448
i 1 1 1 0 1 212 637 219
i 1 1 1 0 1 212 637 212
i 4 1 1 0 1 637 1912 637
i 2 1 1 0 1 637 1912 637
i 3 1 1 0 1 637 1912 1714
i 3 1 1 0 1 212 637 212
i 1 1 1 0 1 212 637 493
i 2 1 1 0 1 212 637 212
i 4 1 1 0 1 425 1275 425
i 4 1 1 0 1 212 637 212
i 3 1 1 0 1 125 375 209
i 2 1 1 0 1 425 1275 425
i 3 1 1 0 1 125 375 125
i 3 1 1 0 1 212 637 508
i 2 1 1 0 1 212 637 212
i 4 1 1 0 1 637 1912 637
i 2 1 1 0 1 637 1912 1834
i 1 1 1 0 1 212 637 212
i 1 1 1 0 1 212 637 426
i 4 1 1 0 1 212 637 212
i 4 1 1 0 1 212 637 549
i 4 1 1 0 1 212 637 212
i 1 1 1 0 1 637 1912 1595
i 1 1 1 0 1 247 742 691
i 2 1 1 0 1 337 1012 337
i 1 1 1 0 1 212 637 212
i 3 1 1 0 1 212 637 212
i 4 1 1 0 1 637 1912 803
i 3 1 1 0 1 330 990 330
i 2 1 1 0 1 212 637 535
i 3 1 1 0 1 637 1912 937
i 4 1 1 0 1 212 637 212
i 4 1 1 0 1 212 637 212
i 4 1 1 0 1 212 637 212
i 3 1 1 0 1 212 637 212
i 3 1 1 0 1 212 637 212
i 3 1 1 0 1 212 637 212
i 2 1 1 0 1 637 1912 1436
i 3 1 1 0 1 212 637 363
i 4 1 1 0 1 637 1912 1249
i 4 1 1 0 1 247 742 255
i 2 1 1 0 1 637 1912 637
i 2 1 1 0 1 212 637 461
i 1 1 1 0 1 637 1912 1561
i 4 1 1 0 1 330 990 719
i 3 1 1 0 1 212 637 537
i 3 1 1 0 1 212 637 212
i 2 1 1 0 1 637 1912 637
i 3 1 1 0 1 82 247 82
i 1 1 1 0 1 212 637 584
i 3 1 1 0 1 637 1912 637
i 1 1 1 0 1 212 637 483
i 1 1 1 0 1 212 637 569
i 2 1 1 0 1 212 637 470
i 4 1 1 0 1 1275 2125 1736
i 1 1 1 0 1 212 637 353
i 2 1 1 0 1 212 637 396
i 3 1 1 0 1 125 375 125
i 3 1 1 0 1 637 1912 637
i 2 1 1 0 1 212 637 212
i 3 1 1 0 1 212 637 212
i 2 1 1 0 1 125 375 125
i 1 1 1 0 1 212 637 212
i 3 1 1 0 1 637 1912 637
i 3 1 1 0 1 212 637 212
i 2 1 1 0 1 212 637 212
i 3 1 1 0 1 212 637 212
i 4 1 1 0 1 212 637 212
i 3 1 1 0 1 125 375 125
i 4 1 1 0 1 637 1912 637
i 3 1 1 0 1 212 637 212
i 3 1 1 0 1 125 375 125
i 3 1 1 0 1 212 637 212
i 4 1 1 0 1 212 637 212
i 4 1 1 0 1 212 637 212
i 4 1 1 0 1 212 637 212
i 3 1 1 0 1 125 375 125
i 4 1 1 0 1 212 637 212
i 1 1 1 0 1 212 637 212
i 1 1 1 0 1 125 375 125
i 3 1 1 0 1 212 637 212
i 1 1 1 0 1 425 1275 425
i 4 1 1 0 1 212 637 212
i 3 1 1 0 1 637 1912 637
i 4 1 1 0 1 637 1912 637
i 2 1 1 0 1 212 637 212
i 3 1 1 0 1 212 637 212
i 4 1 1 0 1 537 1612 537
i 4 1 1 0 1 637 1912 637
i 3 1 1 0 1 212 637 212
i 1 1 1 0 1 212 637 212
i 4 1 1 0 1 637 1912 637
i 4 1 1 0 1 212 637 212
i 1 1 1 0 1 212 637 212
i 2 1 1 0 1 637 1912 637
i 1 1 1 0 1 637 1912 637
i 4 1 1 0 1 125 375 125
i 2 1 1 0 1 637 1912 637
i 4 1 1 0 1 125 375 125
i 3 1 1 0 1 212 637 212
i 1 1 1 0 1 212 637 212
i 2 1 1 0 1 212 637 212
i 3 1 1 0 1 637 1912 637
i 3 1 1 0 1 125 375 125
i 2 1 1 0 1 637 1912 637
i 4 1 1 0 1 125 375 125
i 3 1 1 0 1 212 637 212
i 4 1 1 0 1 212 637 212
i 1 1 1 0 1 637 1912 637
i 1 1 1 0 1 212 637 212
i 2 1 1 0 1 637 1912 637
i 1 1 1 0 1 212 637 212
i 4 1 1 0 1 212 637 212
i 3 1 1 0 1 212 637 212
i 2 1 1 0 1 212 637 212
i 2 1 1 0 1 250 750 250
i 2 1 1 0 1 212 637 212
i 1 1 1 0 1 212 637 212
k 13000 1.6
k 13000 1.6
k 13000 1.6
k 36000 3
k 36000 3
k 36000 3
k 36000 3
k 36000 3
