p 6 239 8 1 2 10000 54
i 0 1 1 0 1 255 765 479
i 0 1 1 0 1 255 255 255
i 0 1 1 0 1 150 150 150
i 0 1 1 0 1 99 99 99
i 0 1 1 0 1 255 255 255
i 0 1 1 0 1 255 255 255
i 0 1 1 0 1 510 510 510
i 0 1 1 0 1 255 255 255
i 0 1 1 0 1 99 99 99
i 0 1 1 0 1 150 150 150
i 0 1 1 0 1 150 150 150
i 2 1 1 0 1 127 382 127
i 4 1 1 0 1 382 1147 948
i 4 1 1 0 1 127 382 349
i 1 1 1 0 1 255 765 255
i 4 1 1 0 1 127 382 339
i 2 1 1 0 1 127 382 352
i 4 1 1 0 1 127 382 188
i 4 1 1 0 1 382 1147 831
i 2 1 1 0 1 127 382 127
i 4 1 1 0 1 75 225 75
i 1 1 1 0 1 382 1147 490
i 3 1 1 0 1 255 765 695
i 1 1 1 0 1 75 225 212
i 3 1 1 0 1 127 382 127
i 2 1 1 0 1 255 765 420
i 1 1 1 0 1 382 1147 991
i 3 1 1 0 1 127 382 369
i 4 1 1 0 1 127 382 127
i 2 1 1 0 1 382 1147 382
i 4 1 1 0 1 49 148 49
i 4 1 1 0 1 382 1147 382
i 3 1 1 0 1 127 382 127
i 3 1 1 0 1 75 225 75
i 2 1 1 0 1 127 382 127
i 4 1 1 0 1 382 1147 427
i 4 1 1 0 1 75 225 213
i 3 1 1 0 1 382 1147 723
i 4 1 1 0 1 127 382 335
i 3 1 1 0 1 382 1147 940
i 4 1 1 0 1 382 1147 382
i 1 1 1 0 1 127 382 127
i 3 1 1 0 1 127 382 217
i 2 1 1 0 1 127 382 135
i 2 1 1 0 1 255 765 255
i 2 1 1 0 1 255 765 661
i 1 1 1 0 1 127 382 127
i 3 1 1 0 1 127 382 127
i 3 1 1 0 1 382 1147 382
i 3 1 1 0 1 75 225 109
i 3 1 1 0 1 382 1147 382
i 3 1 1 0 1 127 382 127
i 4 1 1 0 1 510 765 638
i 2 1 1 0 1 382 1147 811
i 2 1 1 0 1 255 765 255
i 3 1 1 0 1 75 225 75
i 2 1 1 0 1 127 382 127
i 3 1 1 0 1 510 765 510
i 1 1 1 0 1 127 382 127
i 4 1 1 0 1 75 225 75
i 1 1 1 0 1 382 1147 382
i 4 1 1 0 1 127 382 127
i 3 1 1 0 1 255 765 687
i 1 1 1 0 1 382 1147 1011
i 4 1 1 0 1 127 382 362
i 3 1 1 0 1 127 382 127
i 4 1 1 0 1 127 382 127
i 4 1 1 0 1 382 1147 576
i 4 1 1 0 1 127 382 343
i 3 1 1 0 1 127 382 314
i 2 1 1 0 1 127 382 127
i 1 1 1 0 1 127 382 127
i 3 1 1 0 1 382 1147 783
i 2 1 1 0 1 127 382 127
i 3 1 1 0 1 127 382 240
i 1 1 1 0 1 382 1147 587
i 1 1 1 0 1 127 382 127
i 2 1 1 0 1 382 1147 382
i 3 1 1 0 1 127 382 139
i 4 1 1 0 1 382 1147 916
i 4 1 1 0 1 255 765 255
i 3 1 1 0 1 255 510 300
i 2 1 1 0 1 127 382 233
i 2 1 1 0 1 382 1147 382
i 1 1 1 0 1 255 510 255
i 4 1 1 0 1 127 382 127
i 1 1 1 0 1 382 1147 815
i 2 1 1 0 1 127 382 359
i 1 1 1 0 1 382 1147 967
i 1 1 1 0 1 127 382 127
i 4 1 1 0 1 255 765 299
i 4 1 1 0 1 127 382 127
i 3 1 1 0 1 382 1147 382
i 4 1 1 0 1 382 1147 674
i 4 1 1 0 1 127 382 127
i 1 1 1 0 1 49 148 49
i 3 1 1 0 1 127 382 127
i 1 1 1 0 1 127 382 151
i 4 1 1 0 1 382 1147 386
i 3 1 1 0 1 127 382 226
i 2 1 1 0 1 150 450 150
i 4 1 1 0 1 127 382 285
i 2 1 1 0 1 382 1147 955
i 3 1 1 0 1 255 765 255
i 1 1 1 0 1 127 382 127
i 2 1 1 0 1 255 765 255
i 3 1 1 0 1 382 1147 382
i 1 1 1 0 1 127 382 127
i 3 1 1 0 1 127 382 127
i 1 1 1 0 1 49 148 119
i 2 1 1 0 1 127 382 262
i 4 1 1 0 1 382 1147 382
i 3 1 1 0 1 382 1147 808
i 2 1 1 0 1 127 382 127
i 4 1 1 0 1 127 382 127
i 4 1 1 0 1 382 1147 840
i 4 1 1 0 1 255 765 255
i 2 1 1 0 1 127 382 127
i 1 1 1 0 1 382 1147 1077
i 4 1 1 0 1 75 225 189
i 3 1 1 0 1 382 1147 812
i 2 1 1 0 1 127 382 127
i 2 1 1 0 1 127 382 289
i 1 1 1 0 1 127 382 127
i 3 1 1 0 1 255 765 255
i 1 1 1 0 1 382 1147 382
i 2 1 1 0 1 127 382 127
i 4 1 1 0 1 127 382 127
i 4 1 1 0 1 75 225 75
i 1 1 1 0 1 127 382 127
i 1 1 1 0 1 127 382 127
i 1 1 1 0 1 382 1147 382
i 4 1 1 0 1 382 1147 382
i 1 1 1 0 1 49 148 49
i 1 1 1 0 1 382 1147 382
i 1 1 1 0 1 765 2295 765
i 2 1 1 0 1 382 1147 382
i 4 1 1 0 1 382 1147 382
i 4 1 1 0 1 765 1530 765
i 3 1 1 0 1 382 1147 382
i 3 1 1 0 1 127 382 127
i 2 1 1 0 1 127 382 127
i 4 1 1 0 1 255 765 255
i 3 1 1 0 1 127 382 127
i 1 1 1 0 1 127 382 127
i 2 1 1 0 1 127 382 127
i 1 1 1 0 1 255 765 255
i 4 1 1 0 1 127 382 127
i 1 1 1 0 1 510 1530 510
i 3 1 1 0 1 127 382 127
i 3 1 1 0 1 127 382 127
i 3 1 1 0 1 150 450 150
i 2 1 1 0 1 49 148 49
i 3 1 1 0 1 255 765 255
i 3 1 1 0 1 382 1147 382
i 4 1 1 0 1 255 765 255
i 1 1 1 0 1 255 765 255
i 4 1 1 0 1 255 1275 255
i 1 1 1 0 1 255 765 255
i 1 1 1 0 1 382 1147 382
i 1 1 1 0 1 1530 3060 1530
i 1 1 1 0 1 127 382 127
i 4 1 1 0 1 127 382 127
i 4 1 1 0 1 127 382 127
i 3 1 1 0 1 127 382 127
i 3 1 1 0 1 127 382 127
i 2 1 1 0 1 127 382 127
i 1 1 1 0 1 510 1275 510
i 3 1 1 0 1 225 675 225
i 2 1 1 0 1 127 382 127
i 4 1 1 0 1 127 382 127
i 4 1 1 0 1 382 1147 382
i 1 1 1 0 1 75 225 75
i 4 1 1 0 1 127 382 127
i 4 1 1 0 1 382 1147 382
i 2 1 1 0 1 382 1147 382
i 3 1 1 0 1 75 225 75
i 1 1 1 0 1 127 382 127
i 4 1 1 0 1 127 382 127
i 1 1 1 0 1 382 1147 382
i 3 1 1 0 1 127 382 127
i 2 1 1 0 1 127 382 127
i 2 1 1 0 1 382 1147 382
i 2 1 1 0 1 127 382 127
i 2 1 1 0 1 255 765 255
i 4 1 1 0 1 510 1530 510
i 1 1 1 0 1 75 225 75
i 2 1 1 0 1 75 225 75
i 3 1 1 0 1 127 382 127
i 3 1 1 0 1 255 765 255
i 2 1 1 0 1 255 765 255
i 3 1 1 0 1 382 1147 382
i 3 1 1 0 1 127 382 127
i 3 1 1 0 1 127 382 127
i 3 1 1 0 1 382 1147 382
i 1 1 1 0 1 382 1147 382
i 2 1 1 0 1 382 1147 382
i 3 1 1 0 1 127 382 127
i 4 1 1 0 1 127 382 127
i 1 1 1 0 1 127 382 127
i 4 1 1 0 1 127 382 127
i 4 1 1 0 1 382 1147 382
i 1 1 1 0 1 127 382 127
i 3 1 1 0 1 382 1147 382
i 1 1 1 0 1 382 1147 382
i 2 1 1 0 1 255 765 255
i 4 1 1 0 1 127 382 127
i 1 1 1 0 1 382 1147 382
i 3 1 1 0 1 255 765 255
i 2 1 1 0 1 382 1147 382
i 1 1 1 0 1 75 225 75
i 2 1 1 0 1 75 225 75
i 1 1 1 0 1 127 382 127
i 1 1 1 0 1 255 765 255
i 4 1 1 0 1 382 1147 382
i 2 1 1 0 1 255 765 255
i 3 1 1 0 1 127 382 127
i 4 1 1 0 1 255 765 255
i 4 1 1 0 1 765 2295 765
i 4 1 1 0 1 127 382 127
i 3 1 1 0 1 127 382 127
i 2 1 1 0 1 382 1147 382
i 4 1 1 0 1 127 382 127
i 2 1 1 0 1 382 1147 382
i 2 1 1 0 1 127 382 127
i 1 1 1 0 1 382 1147 382
i 2 1 1 0 1 127 382 127
i 4 1 1 0 1 127 382 127
i 4 1 1 0 1 255 765 255
i 1 1 1 0 1 382 1147 382
i 2 1 1 0 1 75 225 75
i 1 1 1 0 1 127 382 127
i 4 1 1 0 1 382 1147 382
i 4 1 1 0 1 255 765 255
i 4 1 1 0 1 510 1530 510
i 3 1 1 0 1 150 255 150
i 2 1 1 0 1 75 225 75
i 3 1 1 0 1 255 765 255
i 1 1 1 0 1 127 382 127
k 13000 1.6
k 13000 1.6
k 13000 1.6
k 36000 3
k 36000 3
k 36000 3
k 36000 3
k 36000 3
