p 6 239 8 1 2 10000 54
i 0 1 1 0 1 255 765 479
i 0 1 1 0 1 255 255 255
i 0 1 1 0 1 150 150 150
i 0 1 1 0 1 99 99 99
i 0 1 1 0 1 255 255 255
i 0 1 1 0 1 255 255 255
i 0 1 1 0 1 510 510 510
i 0 1 1 0 1 255 255 255
i 0 1 1 0 1 99 99 99
i 0 1 1 0 1 150 150 150
i 0 1 1 0 1 150 150 150
i 1 1 1 0 1 255 510 255
i 4 1 1 0 1 127 382 280
i 1 1 1 0 1 382 1147 710
i 4 1 1 0 1 127 382 127
i 4 1 1 0 1 382 1147 382
i 3 1 1 0 1 127 382 127
i 4 1 1 0 1 765 2295 765
i 4 1 1 0 1 49 148 65
i 3 1 1 0 1 382 1147 1036
i 2 1 1 0 1 255 765 255
i 3 1 1 0 1 127 382 127
i 4 1 1 0 1 255 765 662
i 3 1 1 0 1 127 382 190
i 3 1 1 0 1 382 1147 382
i 3 1 1 0 1 382 1147 382
i 4 1 1 0 1 75 225 131
i 2 1 1 0 1 75 225 159
i 1 1 1 0 1 510 1530 603
i 1 1 1 0 1 382 1147 765
i 2 1 1 0 1 382 1147 382
i 4 1 1 0 1 510 765 510
i 1 1 1 0 1 127 382 302
i 3 1 1 0 1 382 1147 880
i 4 1 1 0 1 127 382 127
i 4 1 1 0 1 382 1147 382
i 2 1 1 0 1 127 382 161
i 3 1 1 0 1 127 382 377
i 3 1 1 0 1 127 382 242
i 4 1 1 0 1 75 225 82
i 4 1 1 0 1 382 1147 382
i 2 1 1 0 1 382 1147 713
i 2 1 1 0 1 127 382 127
i 3 1 1 0 1 127 382 127
i 1 1 1 0 1 765 2295 765
i 4 1 1 0 1 75 225 75
i 1 1 1 0 1 382 1147 382
i 3 1 1 0 1 127 382 127
i 4 1 1 0 1 255 765 255
i 3 1 1 0 1 127 382 127
i 4 1 1 0 1 127 382 127
i 3 1 1 0 1 127 382 299
i 3 1 1 0 1 75 225 75
i 4 1 1 0 1 127 382 127
i 2 1 1 0 1 127 382 274
i 1 1 1 0 1 382 1147 382
i 4 1 1 0 1 127 382 127
i 4 1 1 0 1 127 382 127
i 1 1 1 0 1 127 382 337
i 3 1 1 0 1 255 765 255
i 1 1 1 0 1 49 148 54
i 1 1 1 0 1 127 382 127
i 1 1 1 0 1 382 1147 1030
i 2 1 1 0 1 255 765 255
i 2 1 1 0 1 382 1147 382
i 3 1 1 0 1 127 382 127
i 2 1 1 0 1 255 765 255
i 1 1 1 0 1 382 1147 1033
i 3 1 1 0 1 255 765 421
i 2 1 1 0 1 255 765 255
i 1 1 1 0 1 382 1147 417
i 3 1 1 0 1 382 1147 1022
i 2 1 1 0 1 127 382 127
i 1 1 1 0 1 255 765 255
i 1 1 1 0 1 127 382 127
i 4 1 1 0 1 382 1147 382
i 1 1 1 0 1 127 382 216
i 4 1 1 0 1 127 382 127
i 3 1 1 0 1 127 382 306
i 3 1 1 0 1 382 1147 565
i 4 1 1 0 1 127 382 278
i 1 1 1 0 1 127 382 127
i 3 1 1 0 1 127 382 127
i 3 1 1 0 1 127 382 180
i 3 1 1 0 1 127 382 349
i 4 1 1 0 1 382 1147 601
i 4 1 1 0 1 127 382 270
i 2 1 1 0 1 255 765 705
i 4 1 1 0 1 127 382 127
i 2 1 1 0 1 127 382 137
i 2 1 1 0 1 382 1147 619
i 3 1 1 0 1 382 1147 382
i 3 1 1 0 1 510 765 630
i 2 1 1 0 1 127 382 127
i 4 1 1 0 1 382 1147 382
i 1 1 1 0 1 382 1147 475
i 1 1 1 0 1 127 382 287
i 1 1 1 0 1 127 382 236
i 1 1 1 0 1 75 225 75
i 4 1 1 0 1 510 1530 510
i 3 1 1 0 1 127 382 169
i 4 1 1 0 1 510 1530 510
i 2 1 1 0 1 127 382 127
i 1 1 1 0 1 127 382 164
i 2 1 1 0 1 75 225 134
i 3 1 1 0 1 127 382 127
i 2 1 1 0 1 127 382 127
i 4 1 1 0 1 127 382 247
i 1 1 1 0 1 127 382 306
i 3 1 1 0 1 150 255 150
i 1 1 1 0 1 382 1147 540
i 2 1 1 0 1 127 382 160
i 2 1 1 0 1 255 765 542
i 1 1 1 0 1 75 225 214
i 3 1 1 0 1 127 382 304
i 3 1 1 0 1 127 382 313
i 4 1 1 0 1 127 382 127
i 1 1 1 0 1 127 382 366
i 1 1 1 0 1 127 382 321
i 3 1 1 0 1 382 1147 382
i 1 1 1 0 1 75 225 75
i 4 1 1 0 1 75 225 75
i 4 1 1 0 1 765 1530 765
i 3 1 1 0 1 255 765 255
i 2 1 1 0 1 127 382 127
i 3 1 1 0 1 127 382 127
i 1 1 1 0 1 75 225 75
i 1 1 1 0 1 382 1147 382
i 2 1 1 0 1 127 382 127
i 3 1 1 0 1 75 225 75
i 3 1 1 0 1 255 765 255
i 4 1 1 0 1 127 382 127
i 1 1 1 0 1 127 382 127
i 4 1 1 0 1 255 765 255
i 4 1 1 0 1 382 1147 382
i 4 1 1 0 1 255 765 255
i 1 1 1 0 1 255 765 255
i 2 1 1 0 1 255 765 255
i 2 1 1 0 1 127 382 127
i 2 1 1 0 1 127 382 127
i 1 1 1 0 1 255 765 255
i 3 1 1 0 1 75 225 75
i 1 1 1 0 1 127 382 127
i 4 1 1 0 1 127 382 127
i 1 1 1 0 1 382 1147 382
i 4 1 1 0 1 382 1147 382
i 4 1 1 0 1 127 382 127
i 2 1 1 0 1 127 382 127
i 3 1 1 0 1 382 1147 382
i 2 1 1 0 1 150 450 150
i 2 1 1 0 1 382 1147 382
i 4 1 1 0 1 127 382 127
i 4 1 1 0 1 382 1147 382
i 2 1 1 0 1 75 225 75
i 2 1 1 0 1 127 382 127
i 3 1 1 0 1 255 765 255
i 4 1 1 0 1 382 1147 382
i 1 1 1 0 1 382 1147 382
i 3 1 1 0 1 255 510 255
i 2 1 1 0 1 255 765 255
i 1 1 1 0 1 382 1147 382
i 1 1 1 0 1 127 382 127
i 2 1 1 0 1 127 382 127
i 3 1 1 0 1 255 765 255
i 4 1 1 0 1 255 765 255
i 4 1 1 0 1 382 1147 382
i 1 1 1 0 1 49 148 49
i 2 1 1 0 1 382 1147 382
i 3 1 1 0 1 255 765 255
i 3 1 1 0 1 127 382 127
i 1 1 1 0 1 127 382 127
i 2 1 1 0 1 255 765 255
i 4 1 1 0 1 382 1147 382
i 4 1 1 0 1 382 1147 382
i 1 1 1 0 1 49 148 49
i 3 1 1 0 1 127 382 127
i 1 1 1 0 1 127 382 127
i 1 1 1 0 1 127 382 127
i 3 1 1 0 1 127 382 127
i 1 1 1 0 1 1530 3060 1530
i 3 1 1 0 1 150 450 150
i 2 1 1 0 1 382 1147 382
i 4 1 1 0 1 255 1275 255
i 1 1 1 0 1 382 1147 382
i 2 1 1 0 1 382 1147 382
i 1 1 1 0 1 510 1275 510
i 4 1 1 0 1 382 1147 382
i 2 1 1 0 1 127 382 127
i 4 1 1 0 1 255 765 255
i 4 1 1 0 1 127 382 127
i 4 1 1 0 1 382 1147 382
i 3 1 1 0 1 127 382 127
i 1 1 1 0 1 382 1147 382
i 2 1 1 0 1 49 148 49
i 2 1 1 0 1 382 1147 382
i 3 1 1 0 1 127 382 127
i 4 1 1 0 1 127 382 127
i 3 1 1 0 1 127 382 127
i 3 1 1 0 1 225 675 225
i 4 1 1 0 1 127 382 127
i 4 1 1 0 1 255 765 255
i 2 1 1 0 1 127 382 127
i 2 1 1 0 1 382 1147 382
i 3 1 1 0 1 127 382 127
i 2 1 1 0 1 127 382 127
i 4 1 1 0 1 127 382 127
i 4 1 1 0 1 382 1147 382
i 3 1 1 0 1 382 1147 382
i 2 1 1 0 1 75 225 75
i 1 1 1 0 1 255 765 255
i 1 1 1 0 1 382 1147 382
i 4 1 1 0 1 127 382 127
i 4 1 1 0 1 127 382 127
i 2 1 1 0 1 127 382 127
i 1 1 1 0 1 127 382 127
i 4 1 1 0 1 382 1147 382
i 4 1 1 0 1 127 382 127
i 3 1 1 0 1 382 1147 382
i 1 1 1 0 1 382 1147 382
i 3 1 1 0 1 382 1147 382
i 3 1 1 0 1 382 1147 382
i 4 1 1 0 1 127 382 127
i 3 1 1 0 1 382 1147 382
i 1 1 1 0 1 255 765 255
i 3 1 1 0 1 255 765 255
i 1 1 1 0 1 382 1147 382
i 2 1 1 0 1 127 382 127
i 4 1 1 0 1 382 1147 382
i 4 1 1 0 1 127 382 127
i 3 1 1 0 1 75 225 75
i 4 1 1 0 1 127 382 127
i 2 1 1 0 1 382 1147 382
i 1 1 1 0 1 127 382 127
i 4 1 1 0 1 75 225 75
i 4 1 1 0 1 255 765 255
i 2 1 1 0 1 127 382 127
i 2 1 1 0 1 127 382 127
i 2 1 1 0 1 127 382 127
i 2 1 1 0 1 382 1147 382
k 13000 1.6
k 13000 1.6
k 13000 1.6
k 36000 3
k 36000 3
k 36000 3
k 36000 3
k 36000 3
