p 6 239 8 1 2 10000 54
i 0 1 1 0 1 255 765 479
i 0 1 1 0 1 255 255 255
i 0 1 1 0 1 150 150 150
i 0 1 1 0 1 99 99 99
i 0 1 1 0 1 255 255 255
i 0 1 1 0 1 255 255 255
i 0 1 1 0 1 510 510 510
i 0 1 1 0 1 255 255 255
i 0 1 1 0 1 99 99 99
i 0 1 1 0 1 150 150 150
i 0 1 1 0 1 150 150 150
i 3 1 1 0 1 255 765 615
i 4 1 1 0 1 127 382 127
i 3 1 1 0 1 127 382 185
i 3 1 1 0 1 382 1147 446
i 3 1 1 0 1 382 1147 1131
i 4 1 1 0 1 382 1147 382
i 1 1 1 0 1 382 1147 382
i 4 1 1 0 1 127 382 330
i 3 1 1 0 1 127 382 134
i 2 1 1 0 1 127 382 127
i 1 1 1 0 1 255 510 347
i 3 1 1 0 1 127 382 212
i 2 1 1 0 1 127 382 241
i 2 1 1 0 1 150 450 150
i 2 1 1 0 1 255 765 255
i 2 1 1 0 1 382 1147 382
i 1 1 1 0 1 382 1147 923
i 1 1 1 0 1 127 382 250
i 4 1 1 0 1 127 382 127
i 3 1 1 0 1 127 382 213
i 1 1 1 0 1 127 382 169
i 1 1 1 0 1 75 225 75
i 2 1 1 0 1 255 765 255
i 2 1 1 0 1 382 1147 382
i 1 1 1 0 1 382 1147 938
i 2 1 1 0 1 382 1147 382
i 2 1 1 0 1 127 382 127
i 3 1 1 0 1 510 765 683
i 1 1 1 0 1 382 1147 382
i 4 1 1 0 1 127 382 229
i 3 1 1 0 1 127 382 127
i 3 1 1 0 1 382 1147 382
i 4 1 1 0 1 510 1530 510
i 2 1 1 0 1 255 765 255
i 2 1 1 0 1 127 382 127
i 4 1 1 0 1 127 382 127
i 3 1 1 0 1 127 382 127
i 4 1 1 0 1 127 382 147
i 2 1 1 0 1 255 765 255
i 4 1 1 0 1 127 382 127
i 3 1 1 0 1 127 382 155
i 4 1 1 0 1 255 765 551
i 1 1 1 0 1 49 148 116
i 2 1 1 0 1 382 1147 382
i 1 1 1 0 1 127 382 127
i 2 1 1 0 1 75 225 76
i 3 1 1 0 1 150 255 150
i 4 1 1 0 1 127 382 282
i 2 1 1 0 1 127 382 127
i 2 1 1 0 1 127 382 197
i 1 1 1 0 1 382 1147 382
i 4 1 1 0 1 127 382 127
i 3 1 1 0 1 382 1147 382
i 2 1 1 0 1 127 382 127
i 4 1 1 0 1 765 1530 1277
i 1 1 1 0 1 127 382 127
i 3 1 1 0 1 382 1147 382
i 3 1 1 0 1 75 225 75
i 3 1 1 0 1 127 382 127
i 1 1 1 0 1 127 382 127
i 4 1 1 0 1 127 382 127
i 4 1 1 0 1 382 1147 382
i 1 1 1 0 1 127 382 127
i 1 1 1 0 1 255 765 609
i 2 1 1 0 1 255 765 255
i 4 1 1 0 1 75 225 75
i 1 1 1 0 1 382 1147 1101
i 2 1 1 0 1 382 1147 382
i 4 1 1 0 1 75 225 200
i 2 1 1 0 1 127 382 223
i 4 1 1 0 1 382 1147 1035
i 3 1 1 0 1 127 382 164
i 3 1 1 0 1 75 225 176
i 3 1 1 0 1 127 382 199
i 4 1 1 0 1 382 1147 382
i 4 1 1 0 1 510 765 510
i 1 1 1 0 1 255 765 656
i 2 1 1 0 1 127 382 127
i 2 1 1 0 1 127 382 127
i 4 1 1 0 1 255 765 255
i 4 1 1 0 1 382 1147 678
i 4 1 1 0 1 510 1530 510
i 2 1 1 0 1 127 382 127
i 4 1 1 0 1 382 1147 546
i 1 1 1 0 1 382 1147 382
i 4 1 1 0 1 127 382 127
i 4 1 1 0 1 382 1147 382
i 3 1 1 0 1 127 382 127
i 1 1 1 0 1 75 225 75
i 3 1 1 0 1 127 382 127
i 1 1 1 0 1 510 1530 510
i 1 1 1 0 1 255 765 530
i 2 1 1 0 1 127 382 186
i 1 1 1 0 1 75 225 75
i 4 1 1 0 1 382 1147 382
i 3 1 1 0 1 127 382 230
i 4 1 1 0 1 75 225 75
i 2 1 1 0 1 75 225 118
i 4 1 1 0 1 75 225 153
i 2 1 1 0 1 127 382 146
i 1 1 1 0 1 382 1147 741
i 4 1 1 0 1 127 382 127
i 3 1 1 0 1 255 765 255
i 4 1 1 0 1 255 765 255
i 1 1 1 0 1 127 382 127
i 3 1 1 0 1 75 225 75
i 1 1 1 0 1 382 1147 978
i 4 1 1 0 1 127 382 127
i 1 1 1 0 1 382 1147 382
i 2 1 1 0 1 127 382 203
i 3 1 1 0 1 255 765 520
i 3 1 1 0 1 127 382 153
i 1 1 1 0 1 382 1147 382
i 2 1 1 0 1 75 225 75
i 2 1 1 0 1 255 765 305
i 4 1 1 0 1 765 2295 765
i 4 1 1 0 1 255 1275 255
i 2 1 1 0 1 127 382 305
i 4 1 1 0 1 127 382 223
i 2 1 1 0 1 127 382 127
i 2 1 1 0 1 382 1147 382
i 3 1 1 0 1 127 382 296
i 3 1 1 0 1 127 382 127
i 2 1 1 0 1 255 765 255
i 3 1 1 0 1 255 765 255
i 1 1 1 0 1 382 1147 447
i 4 1 1 0 1 127 382 300
i 4 1 1 0 1 127 382 289
i 4 1 1 0 1 382 1147 1026
i 3 1 1 0 1 382 1147 382
i 2 1 1 0 1 382 1147 382
i 2 1 1 0 1 382 1147 382
i 3 1 1 0 1 127 382 127
i 4 1 1 0 1 127 382 127
i 3 1 1 0 1 127 382 127
i 1 1 1 0 1 127 382 127
i 4 1 1 0 1 382 1147 382
i 3 1 1 0 1 255 510 255
i 1 1 1 0 1 382 1147 382
i 3 1 1 0 1 225 675 225
i 3 1 1 0 1 127 382 127
i 3 1 1 0 1 127 382 127
i 2 1 1 0 1 255 765 255
i 3 1 1 0 1 127 382 127
i 4 1 1 0 1 127 382 127
i 1 1 1 0 1 382 1147 382
i 3 1 1 0 1 382 1147 382
i 4 1 1 0 1 75 225 75
i 2 1 1 0 1 127 382 127
i 2 1 1 0 1 127 382 127
i 4 1 1 0 1 255 765 255
i 4 1 1 0 1 127 382 127
i 4 1 1 0 1 255 765 255
i 3 1 1 0 1 382 1147 382
i 1 1 1 0 1 127 382 127
i 3 1 1 0 1 150 450 150
i 3 1 1 0 1 75 225 75
i 1 1 1 0 1 127 382 127
i 2 1 1 0 1 75 225 75
i 3 1 1 0 1 127 382 127
i 1 1 1 0 1 127 382 127
i 3 1 1 0 1 255 765 255
i 1 1 1 0 1 127 382 127
i 4 1 1 0 1 127 382 127
i 4 1 1 0 1 127 382 127
i 2 1 1 0 1 127 382 127
i 1 1 1 0 1 127 382 127
i 4 1 1 0 1 127 382 127
i 3 1 1 0 1 382 1147 382
i 3 1 1 0 1 255 765 255
i 4 1 1 0 1 127 382 127
i 4 1 1 0 1 382 1147 382
i 4 1 1 0 1 382 1147 382
i 1 1 1 0 1 75 225 75
i 1 1 1 0 1 127 382 127
i 3 1 1 0 1 382 1147 382
i 1 1 1 0 1 382 1147 382
i 2 1 1 0 1 127 382 127
i 2 1 1 0 1 49 148 49
i 2 1 1 0 1 127 382 127
i 3 1 1 0 1 255 765 255
i 1 1 1 0 1 255 765 255
i 1 1 1 0 1 127 382 127
i 2 1 1 0 1 382 1147 382
i 3 1 1 0 1 127 382 127
i 4 1 1 0 1 382 1147 382
i 3 1 1 0 1 255 765 255
i 1 1 1 0 1 382 1147 382
i 1 1 1 0 1 382 1147 382
i 1 1 1 0 1 127 382 127
i 2 1 1 0 1 382 1147 382
i 1 1 1 0 1 127 382 127
i 4 1 1 0 1 49 148 49
i 3 1 1 0 1 127 382 127
i 4 1 1 0 1 382 1147 382
i 1 1 1 0 1 127 382 127
i 4 1 1 0 1 127 382 127
i 1 1 1 0 1 510 1275 510
i 2 1 1 0 1 382 1147 382
i 4 1 1 0 1 127 382 127
i 4 1 1 0 1 255 765 255
i 1 1 1 0 1 1530 3060 1530
i 2 1 1 0 1 127 382 127
i 1 1 1 0 1 255 765 255
i 4 1 1 0 1 382 1147 382
i 4 1 1 0 1 255 765 255
i 2 1 1 0 1 127 382 127
i 4 1 1 0 1 382 1147 382
i 1 1 1 0 1 382 1147 382
i 3 1 1 0 1 382 1147 382
i 4 1 1 0 1 382 1147 382
i 2 1 1 0 1 127 382 127
i 3 1 1 0 1 127 382 127
i 1 1 1 0 1 127 382 127
i 3 1 1 0 1 382 1147 382
i 1 1 1 0 1 49 148 49
i 3 1 1 0 1 382 1147 382
i 2 1 1 0 1 255 765 255
i 1 1 1 0 1 765 2295 765
i 1 1 1 0 1 49 148 49
i 1 1 1 0 1 127 382 127
i 4 1 1 0 1 255 765 255
i 4 1 1 0 1 127 382 127
i 3 1 1 0 1 127 382 127
i 4 1 1 0 1 127 382 127
i 4 1 1 0 1 382 1147 382
i 2 1 1 0 1 382 1147 382
i 3 1 1 0 1 382 1147 382
k 13000 1.6
k 13000 1.6
k 13000 1.6
k 36000 3
k 36000 3
k 36000 3
k 36000 3
k 36000 3
