p 6 274 11 1 2 10000 21
i 0 1 1 0 1 1275 1275 1275
i 0 1 1 0 1 425 425 425
i 0 1 1 0 1 425 425 425
i 0 1 1 0 1 1275 1275 1275
i 0 1 1 0 1 425 425 425
i 0 1 1 0 1 495 495 495
i 0 1 1 0 1 425 425 425
i 0 1 1 0 1 425 425 425
i 0 1 1 0 1 1275 1275 1275
i 0 1 1 0 1 425 425 425
i 0 1 1 0 1 250 250 250
i 0 1 1 0 1 425 425 425
i 0 1 1 0 1 1275 1275 1275
i 0 1 1 0 1 425 425 425
i 0 1 1 0 1 165 165 165
i 0 1 1 0 1 850 850 850
i 0 1 1 0 1 425 425 425
i 0 1 1 0 1 425 425 425
i 0 1 1 0 1 250 250 250
i 0 1 1 0 1 425 425 425
i 0 1 1 0 1 425 425 425
i 0 1 1 0 1 850 850 850
i 0 1 1 0 1 425 425 425
i 0 1 1 0 1 1275 2550 2465
i 0 1 1 0 1 2125 2125 2125
i 0 1 1 0 1 425 425 425
i 0 1 1 0 1 425 425 425
i 0 1 1 0 1 425 425 425
i 0 1 1 0 1 500 500 500
i 0 1 1 0 1 425 425 425
i 0 1 1 0 1 250 250 250
i 0 1 1 0 1 425 425 425
i 0 1 1 0 1 425 425 425
i 0 1 1 0 1 425 425 425
i 0 1 1 0 1 1275 1275 1275
i 0 1 1 0 1 425 425 425
i 0 1 1 0 1 1275 1275 1275
i 0 1 1 0 1 1275 1275 1275
i 0 1 1 0 1 580 580 580
i 0 1 1 0 1 425 425 425
i 0 1 1 0 1 1075 1075 1075
i 0 1 1 0 1 425 425 425
i 0 1 1 0 1 425 425 425
i 0 1 1 0 1 425 425 425
i 0 1 1 0 1 495 990 544
i 0 1 1 0 1 1275 1275 1275
i 0 1 1 0 1 425 425 425
i 0 1 1 0 1 850 850 850
i 0 1 1 0 1 425 425 425
i 0 1 1 0 1 850 850 850
i 0 1 1 0 1 1275 1275 1275
i 0 1 1 0 1 1275 2550 1723
i 0 1 1 0 1 495 495 495
i 0 1 1 0 1 1275 1275 1275
i 0 1 1 0 1 580 1740 1031
i 0 1 1 0 1 425 425 425
i 0 1 1 0 1 425 425 425
i 0 1 1 0 1 250 250 250
i 0 1 1 0 1 425 425 425
i 0 1 1 0 1 425 425 425
i 0 1 1 0 1 425 425 425
i 0 1 1 0 1 1275 1275 1275
i 0 1 1 0 1 425 425 425
i 0 1 1 0 1 1275 1275 1275
i 0 1 1 0 1 580 580 580
i 0 1 1 0 1 425 425 425
i 0 1 1 0 1 425 425 425
i 0 1 1 0 1 1275 1275 1275
i 0 1 1 0 1 425 425 425
i 0 1 1 0 1 580 580 580
i 0 1 1 0 1 425 425 425
i 0 1 1 0 1 250 250 250
i 0 1 1 0 1 425 425 425
i 0 1 1 0 1 850 850 850
i 0 1 1 0 1 425 425 425
i 0 1 1 0 1 425 425 425
i 0 1 1 0 1 1275 1275 1275
i 0 1 1 0 1 1275 1275 1275
i 0 1 1 0 1 1275 1275 1275
i 0 1 1 0 1 1275 1275 1275
i 0 1 1 0 1 580 2900 1986
i 0 1 1 0 1 425 425 425
i 0 1 1 0 1 425 425 425
i 0 1 1 0 1 425 425 425
i 0 1 1 0 1 500 500 500
i 0 1 1 0 1 425 425 425
i 0 1 1 0 1 425 425 425
i 0 1 1 0 1 425 425 425
i 0 1 1 0 1 425 425 425
i 0 1 1 0 1 425 425 425
i 0 1 1 0 1 1275 1275 1275
i 0 1 1 0 1 1275 1275 1275
i 0 1 1 0 1 425 425 425
i 0 1 1 0 1 425 425 425
i 0 1 1 0 1 1275 1275 1275
i 0 1 1 0 1 250 250 250
i 0 1 1 0 1 425 425 425
i 0 1 1 0 1 1275 1275 1275
i 0 1 1 0 1 1275 1275 1275
i 0 1 1 0 1 1700 1700 1700
i 0 1 1 0 1 425 425 425
i 0 1 1 0 1 1275 1275 1275
i 0 1 1 0 1 165 165 165
i 0 1 1 0 1 425 425 425
i 0 1 1 0 1 425 425 425
i 0 1 1 0 1 425 425 425
i 0 1 1 0 1 425 425 425
i 0 1 1 0 1 1275 1275 1275
i 0 1 1 0 1 250 250 250
i 0 1 1 0 1 425 425 425
i 0 1 1 0 1 250 250 250
i 0 1 1 0 1 425 425 425
i 0 1 1 0 1 1275 1700 1491
i 0 1 1 0 1 425 425 425
i 0 1 1 0 1 1700 1700 1700
i 0 1 1 0 1 1275 1275 1275
i 0 1 1 0 1 850 850 850
i 0 1 1 0 1 425 425 425
i 0 1 1 0 1 425 425 425
i 0 1 1 0 1 1275 1275 1275
i 0 1 1 0 1 1275 1275 1275
i 0 1 1 0 1 1275 1275 1275
i 0 1 1 0 1 425 425 425
i 0 1 1 0 1 425 425 425
i 0 1 1 0 1 1275 1275 1275
i 0 1 1 0 1 425 425 425
i 2 2 2 0 1 1275 2550 3605
i 3 1 1 0 1 1275 2550 2250
i 2 2 2 0 1 500 1000 1134
i 1 3 3 0 1 1275 2550 1275
i 1 3 3 0 1 250 500 250
i 2 2 2 0 1 1245 2490 1245
i 3 1 1 0 1 425 850 425
i 2 2 2 0 1 1275 2550 1275
i 2 2 2 0 1 425 850 425
i 3 1 1 0 1 1275 2550 3815
i 3 1 1 0 1 1275 2550 2542
i 3 1 1 0 1 165 330 327
i 1 3 3 0 1 1275 2550 4598
i 1 3 3 0 1 1275 2550 1885
i 3 1 1 0 1 250 500 803
i 3 1 1 0 1 425 850 1516
i 2 2 2 0 1 425 850 978
i 1 3 3 0 1 495 1980 495
i 2 2 2 0 1 750 1500 1471
i 1 3 3 0 1 425 850 425
i 1 3 3 0 1 425 850 1073
i 3 1 1 0 1 850 1700 2639
i 2 2 2 0 1 1275 2550 4898
i 1 3 3 0 1 1275 2550 1275
i 2 2 2 0 1 425 850 1458
i 1 3 3 0 1 1275 2550 3663
i 2 2 2 0 1 425 850 425
i 3 1 1 0 1 2125 4250 4939
i 1 3 3 0 1 425 850 425
i 2 2 2 0 1 425 850 442
i 3 1 1 0 1 250 500 311
i 2 2 2 0 1 1275 4250 1275
i 2 2 2 0 1 850 1700 950
i 3 1 1 0 1 425 850 425
i 1 3 3 0 1 425 850 425
i 3 1 1 0 1 850 1700 850
i 1 3 3 0 1 850 1700 850
i 1 3 3 0 1 425 850 425
i 3 1 1 0 1 1275 2550 1275
i 1 3 3 0 1 425 850 425
i 1 3 3 0 1 250 500 250
i 1 3 3 0 1 425 850 425
i 3 1 1 0 1 425 850 425
i 1 3 3 0 1 500 1000 500
i 2 2 2 0 1 425 850 425
i 3 1 1 0 1 250 500 250
i 3 1 1 0 1 1700 3400 1700
i 3 1 1 0 1 580 1160 580
i 1 3 3 0 1 1275 2550 1275
i 2 2 2 0 1 425 850 425
i 1 3 3 0 1 250 500 250
i 1 3 3 0 1 1275 2550 1275
i 2 2 2 0 1 425 850 425
i 2 2 2 0 1 250 500 250
i 1 3 3 0 1 425 850 425
i 3 1 1 0 1 500 1000 500
i 1 3 3 0 1 425 850 425
i 1 3 3 0 1 250 500 250
i 1 3 3 0 1 165 330 165
i 1 3 3 0 1 1275 2550 1275
i 2 2 2 0 1 425 850 425
i 2 2 2 0 1 415 830 415
i 3 1 1 0 1 425 850 425
i 3 1 1 0 1 425 850 425
i 2 2 2 0 1 1275 2550 1275
i 1 3 3 0 1 425 850 425
i 1 3 3 0 1 250 500 250
i 1 3 3 0 1 425 850 425
i 3 1 1 0 1 425 850 425
i 3 1 1 0 1 425 850 425
i 3 1 1 0 1 425 850 425
i 1 3 3 0 1 850 1700 850
i 1 3 3 0 1 850 1700 850
i 2 2 2 0 1 1275 2550 1275
i 2 2 2 0 1 1275 2550 1275
i 3 1 1 0 1 660 1320 660
i 2 2 2 0 1 425 850 425
i 3 1 1 0 1 425 850 425
i 1 3 3 0 1 850 1700 850
i 2 2 2 0 1 425 850 425
i 2 2 2 0 1 1275 2550 1275
i 1 3 3 0 1 1275 2550 1275
i 1 3 3 0 1 425 850 425
i 3 1 1 0 1 500 1000 500
i 3 1 1 0 1 165 330 165
i 3 1 1 0 1 1275 2550 1275
i 3 1 1 0 1 425 850 425
i 2 2 2 0 1 425 850 425
i 2 2 2 0 1 425 850 425
i 2 2 2 0 1 850 1700 850
i 3 1 1 0 1 425 850 425
i 2 2 2 0 1 495 990 495
i 1 3 3 0 1 425 850 425
i 3 1 1 0 1 1275 2550 1275
i 3 1 1 0 1 500 1000 500
i 2 2 2 0 1 500 1000 500
i 2 2 2 0 1 425 850 425
i 3 1 1 0 1 250 500 250
i 1 3 3 0 1 425 850 425
i 2 2 2 0 1 425 850 425
i 2 2 2 0 1 425 850 425
i 1 3 3 0 1 425 850 425
i 3 1 1 0 1 425 850 425
i 3 1 1 0 1 425 850 425
i 2 2 2 0 1 1275 2550 1275
i 2 2 2 0 1 580 6960 580
i 2 2 2 0 1 250 500 250
i 3 1 1 0 1 425 850 425
i 1 3 3 0 1 425 850 425
i 1 3 3 0 1 425 850 425
i 3 1 1 0 1 425 850 425
i 2 2 2 0 1 1275 2550 1275
i 2 2 2 0 1 1275 2550 1275
i 1 3 3 0 1 425 850 425
i 3 1 1 0 1 1275 2550 1275
i 1 3 3 0 1 1275 2550 1275
i 3 1 1 0 1 425 850 425
i 2 2 2 0 1 1275 2550 1275
i 1 3 3 0 1 500 1000 500
i 1 3 3 0 1 1275 2550 1275
i 2 2 2 0 1 250 500 250
i 1 3 3 0 1 425 850 425
i 2 2 2 0 1 425 850 425
i 2 2 2 0 1 500 1000 500
i 1 3 3 0 1 1275 2550 1275
i 2 2 2 0 1 250 500 250
i 3 1 1 0 1 580 1160 580
i 3 1 1 0 1 425 850 425
i 2 2 2 0 1 425 850 425
i 2 2 2 0 1 1275 2550 1275
i 3 1 1 0 1 1275 2550 1275
i 2 2 2 0 1 425 850 425
i 2 2 2 0 1 425 850 425
i 3 1 1 0 1 1275 2550 1275
i 3 1 1 0 1 1275 2550 1275
i 3 1 1 0 1 1275 2550 1275
i 2 2 2 0 1 425 850 425
i 2 2 2 0 1 425 850 425
i 3 1 1 0 1 580 5800 580
i 1 3 3 0 1 250 500 250
i 2 2 2 0 1 1275 2550 1275
i 1 3 3 0 1 1275 2550 1275
i 3 1 1 0 1 425 850 425
i 1 3 3 0 1 425 850 425
i 3 1 1 0 1 425 850 425
i 2 2 2 0 1 1275 2550 1275
i 2 2 2 0 1 1275 2550 1275
i 2 2 2 0 1 825 1650 825
k 13000 1
k 13000 1
k 13000 1
k 13000 1
k 13000 1
k 36000 3
k 36000 3
k 36000 3
k 36000 3
k 36000 3
k 36000 3
