p 6 274 11 1 2 10000 21
i 0 1 1 0 1 1275 1275 1275
i 0 1 1 0 1 425 425 425
i 0 1 1 0 1 425 425 425
i 0 1 1 0 1 1275 1275 1275
i 0 1 1 0 1 425 425 425
i 0 1 1 0 1 495 495 495
i 0 1 1 0 1 425 425 425
i 0 1 1 0 1 425 425 425
i 0 1 1 0 1 1275 1275 1275
i 0 1 1 0 1 425 425 425
i 0 1 1 0 1 250 250 250
i 0 1 1 0 1 425 425 425
i 0 1 1 0 1 1275 1275 1275
i 0 1 1 0 1 425 425 425
i 0 1 1 0 1 165 165 165
i 0 1 1 0 1 850 850 850
i 0 1 1 0 1 425 425 425
i 0 1 1 0 1 425 425 425
i 0 1 1 0 1 250 250 250
i 0 1 1 0 1 425 425 425
i 0 1 1 0 1 425 425 425
i 0 1 1 0 1 850 850 850
i 0 1 1 0 1 425 425 425
i 0 1 1 0 1 1275 2550 2465
i 0 1 1 0 1 2125 2125 2125
i 0 1 1 0 1 425 425 425
i 0 1 1 0 1 425 425 425
i 0 1 1 0 1 425 425 425
i 0 1 1 0 1 500 500 500
i 0 1 1 0 1 425 425 425
i 0 1 1 0 1 250 250 250
i 0 1 1 0 1 425 425 425
i 0 1 1 0 1 425 425 425
i 0 1 1 0 1 425 425 425
i 0 1 1 0 1 1275 1275 1275
i 0 1 1 0 1 425 425 425
i 0 1 1 0 1 1275 1275 1275
i 0 1 1 0 1 1275 1275 1275
i 0 1 1 0 1 580 580 580
i 0 1 1 0 1 425 425 425
i 0 1 1 0 1 1075 1075 1075
i 0 1 1 0 1 425 425 425
i 0 1 1 0 1 425 425 425
i 0 1 1 0 1 425 425 425
i 0 1 1 0 1 495 990 544
i 0 1 1 0 1 1275 1275 1275
i 0 1 1 0 1 425 425 425
i 0 1 1 0 1 850 850 850
i 0 1 1 0 1 425 425 425
i 0 1 1 0 1 850 850 850
i 0 1 1 0 1 1275 1275 1275
i 0 1 1 0 1 1275 2550 1723
i 0 1 1 0 1 495 495 495
i 0 1 1 0 1 1275 1275 1275
i 0 1 1 0 1 580 1740 1031
i 0 1 1 0 1 425 425 425
i 0 1 1 0 1 425 425 425
i 0 1 1 0 1 250 250 250
i 0 1 1 0 1 425 425 425
i 0 1 1 0 1 425 425 425
i 0 1 1 0 1 425 425 425
i 0 1 1 0 1 1275 1275 1275
i 0 1 1 0 1 425 425 425
i 0 1 1 0 1 1275 1275 1275
i 0 1 1 0 1 580 580 580
i 0 1 1 0 1 425 425 425
i 0 1 1 0 1 425 425 425
i 0 1 1 0 1 1275 1275 1275
i 0 1 1 0 1 425 425 425
i 0 1 1 0 1 580 580 580
i 0 1 1 0 1 425 425 425
i 0 1 1 0 1 250 250 250
i 0 1 1 0 1 425 425 425
i 0 1 1 0 1 850 850 850
i 0 1 1 0 1 425 425 425
i 0 1 1 0 1 425 425 425
i 0 1 1 0 1 1275 1275 1275
i 0 1 1 0 1 1275 1275 1275
i 0 1 1 0 1 1275 1275 1275
i 0 1 1 0 1 1275 1275 1275
i 0 1 1 0 1 580 2900 1986
i 0 1 1 0 1 425 425 425
i 0 1 1 0 1 425 425 425
i 0 1 1 0 1 425 425 425
i 0 1 1 0 1 500 500 500
i 0 1 1 0 1 425 425 425
i 0 1 1 0 1 425 425 425
i 0 1 1 0 1 425 425 425
i 0 1 1 0 1 425 425 425
i 0 1 1 0 1 425 425 425
i 0 1 1 0 1 1275 1275 1275
i 0 1 1 0 1 1275 1275 1275
i 0 1 1 0 1 425 425 425
i 0 1 1 0 1 425 425 425
i 0 1 1 0 1 1275 1275 1275
i 0 1 1 0 1 250 250 250
i 0 1 1 0 1 425 425 425
i 0 1 1 0 1 1275 1275 1275
i 0 1 1 0 1 1275 1275 1275
i 0 1 1 0 1 1700 1700 1700
i 0 1 1 0 1 425 425 425
i 0 1 1 0 1 1275 1275 1275
i 0 1 1 0 1 165 165 165
i 0 1 1 0 1 425 425 425
i 0 1 1 0 1 425 425 425
i 0 1 1 0 1 425 425 425
i 0 1 1 0 1 425 425 425
i 0 1 1 0 1 1275 1275 1275
i 0 1 1 0 1 250 250 250
i 0 1 1 0 1 425 425 425
i 0 1 1 0 1 250 250 250
i 0 1 1 0 1 425 425 425
i 0 1 1 0 1 1275 1700 1491
i 0 1 1 0 1 425 425 425
i 0 1 1 0 1 1700 1700 1700
i 0 1 1 0 1 1275 1275 1275
i 0 1 1 0 1 850 850 850
i 0 1 1 0 1 425 425 425
i 0 1 1 0 1 425 425 425
i 0 1 1 0 1 1275 1275 1275
i 0 1 1 0 1 1275 1275 1275
i 0 1 1 0 1 1275 1275 1275
i 0 1 1 0 1 425 425 425
i 0 1 1 0 1 425 425 425
i 0 1 1 0 1 1275 1275 1275
i 0 1 1 0 1 425 425 425
i 1 3 3 0 1 1275 2550 1750
i 3 1 1 0 1 1275 2550 1275
i 1 3 3 0 1 250 500 250
i 3 1 1 0 1 165 330 610
i 1 3 3 0 1 1275 2550 1275
i 1 3 3 0 1 495 1980 2574
i 1 3 3 0 1 425 850 582
i 1 3 3 0 1 425 850 425
i 3 1 1 0 1 850 1700 850
i 3 1 1 0 1 425 850 425
i 3 1 1 0 1 1700 3400 3856
i 1 3 3 0 1 1275 2550 1275
i 1 3 3 0 1 1275 2550 1275
i 2 2 2 0 1 425 850 425
i 2 2 2 0 1 825 1650 2118
i 3 1 1 0 1 1275 2550 1275
i 2 2 2 0 1 1275 2550 4576
i 1 3 3 0 1 425 850 1337
i 3 1 1 0 1 500 1000 1712
i 2 2 2 0 1 580 6960 580
i 3 1 1 0 1 425 850 779
i 1 3 3 0 1 165 330 525
i 2 2 2 0 1 1275 2550 2159
i 3 1 1 0 1 165 330 165
i 3 1 1 0 1 425 850 425
i 3 1 1 0 1 580 1160 580
i 3 1 1 0 1 1275 2550 1275
i 1 3 3 0 1 425 850 1567
i 1 3 3 0 1 425 850 425
i 2 2 2 0 1 415 830 1364
i 3 1 1 0 1 425 850 425
i 2 2 2 0 1 1275 2550 1518
i 2 2 2 0 1 1275 2550 1275
i 3 1 1 0 1 2125 4250 6451
i 1 3 3 0 1 1275 2550 1275
i 1 3 3 0 1 1275 2550 2062
i 1 3 3 0 1 250 500 854
i 3 1 1 0 1 250 500 365
i 2 2 2 0 1 425 850 1098
i 3 1 1 0 1 425 850 425
i 3 1 1 0 1 425 850 508
i 1 3 3 0 1 500 1000 500
i 2 2 2 0 1 425 850 425
i 2 2 2 0 1 425 850 425
i 1 3 3 0 1 850 1700 850
i 2 2 2 0 1 1275 2550 1275
i 3 1 1 0 1 425 850 425
i 3 1 1 0 1 425 850 425
i 2 2 2 0 1 425 850 425
i 3 1 1 0 1 425 850 425
i 1 3 3 0 1 850 1700 850
i 3 1 1 0 1 425 850 425
i 3 1 1 0 1 425 850 425
i 2 2 2 0 1 425 850 425
i 3 1 1 0 1 1275 2550 1275
i 3 1 1 0 1 500 1000 500
i 3 1 1 0 1 1275 2550 1275
i 1 3 3 0 1 425 850 425
i 3 1 1 0 1 425 850 425
i 3 1 1 0 1 1275 2550 1275
i 3 1 1 0 1 250 500 250
i 3 1 1 0 1 425 850 425
i 2 2 2 0 1 850 1700 850
i 1 3 3 0 1 425 850 425
i 2 2 2 0 1 425 850 425
i 2 2 2 0 1 425 850 425
i 2 2 2 0 1 1275 2550 1275
i 3 1 1 0 1 425 850 425
i 2 2 2 0 1 425 850 425
i 2 2 2 0 1 425 850 425
i 2 2 2 0 1 750 1500 750
i 3 1 1 0 1 1275 2550 1275
i 2 2 2 0 1 425 850 425
i 2 2 2 0 1 850 1700 850
i 1 3 3 0 1 1275 2550 1275
i 2 2 2 0 1 250 500 250
i 2 2 2 0 1 1275 2550 1275
i 3 1 1 0 1 660 1320 660
i 1 3 3 0 1 425 850 425
i 3 1 1 0 1 1275 2550 1275
i 3 1 1 0 1 580 5800 580
i 2 2 2 0 1 500 1000 500
i 1 3 3 0 1 1275 2550 1275
i 1 3 3 0 1 425 850 425
i 1 3 3 0 1 850 1700 850
i 3 1 1 0 1 425 850 425
i 2 2 2 0 1 425 850 425
i 2 2 2 0 1 250 500 250
i 3 1 1 0 1 850 1700 850
i 1 3 3 0 1 1275 2550 1275
i 1 3 3 0 1 425 850 425
i 3 1 1 0 1 1275 2550 1275
i 2 2 2 0 1 1275 2550 1275
i 1 3 3 0 1 250 500 250
i 3 1 1 0 1 1275 2550 1275
i 1 3 3 0 1 425 850 425
i 2 2 2 0 1 250 500 250
i 3 1 1 0 1 425 850 425
i 1 3 3 0 1 250 500 250
i 1 3 3 0 1 500 1000 500
i 2 2 2 0 1 425 850 425
i 2 2 2 0 1 1275 2550 1275
i 1 3 3 0 1 425 850 425
i 2 2 2 0 1 425 850 425
i 1 3 3 0 1 1275 2550 1275
i 2 2 2 0 1 1275 2550 1275
i 2 2 2 0 1 425 850 425
i 2 2 2 0 1 1275 4250 1275
i 1 3 3 0 1 425 850 425
i 2 2 2 0 1 425 850 425
i 3 1 1 0 1 250 500 250
i 2 2 2 0 1 500 1000 500
i 2 2 2 0 1 425 850 425
i 2 2 2 0 1 425 850 425
i 3 1 1 0 1 425 850 425
i 1 3 3 0 1 425 850 425
i 3 1 1 0 1 1275 2550 1275
i 1 3 3 0 1 425 850 425
i 1 3 3 0 1 425 850 425
i 1 3 3 0 1 1275 2550 1275
i 3 1 1 0 1 500 1000 500
i 2 2 2 0 1 425 850 425
i 1 3 3 0 1 425 850 425
i 3 1 1 0 1 250 500 250
i 2 2 2 0 1 1275 2550 1275
i 2 2 2 0 1 500 1000 500
i 2 2 2 0 1 1245 2490 1245
i 3 1 1 0 1 580 1160 580
i 1 3 3 0 1 850 1700 850
i 1 3 3 0 1 425 850 425
i 2 2 2 0 1 1275 2550 1275
i 2 2 2 0 1 425 850 425
i 3 1 1 0 1 425 850 425
i 3 1 1 0 1 425 850 425
i 1 3 3 0 1 1275 2550 1275
i 1 3 3 0 1 250 500 250
i 1 3 3 0 1 1275 2550 1275
i 3 1 1 0 1 425 850 425
i 2 2 2 0 1 1275 2550 1275
i 2 2 2 0 1 425 850 425
i 2 2 2 0 1 1275 2550 1275
i 2 2 2 0 1 1275 2550 1275
i 1 3 3 0 1 425 850 425
i 2 2 2 0 1 425 850 425
i 1 3 3 0 1 425 850 425
i 1 3 3 0 1 250 500 250
i 2 2 2 0 1 495 990 495
i 2 2 2 0 1 250 500 250
k 13000 1
k 13000 1
k 13000 1
k 13000 1
k 13000 1
k 36000 3
k 36000 3
k 36000 3
k 36000 3
k 36000 3
k 36000 3
