p 6 216 8 1 2 10000 25
i 0 1 1 0 1 1275 1275 1275
i 0 1 1 0 1 1275 1275 1275
i 0 1 1 0 1 1275 1275 1275
i 0 1 1 0 1 1275 1275 1275
i 0 1 1 0 1 165 165 165
i 0 1 1 0 1 1275 1275 1275
i 0 1 1 0 1 1275 1275 1275
i 0 1 1 0 1 1275 1275 1275
i 0 1 1 0 1 500 500 500
i 0 1 1 0 1 425 425 425
i 0 1 1 0 1 250 250 250
i 0 1 1 0 1 1275 1275 1275
i 0 1 1 0 1 1275 1275 1275
i 0 1 1 0 1 425 425 425
i 0 1 1 0 1 1275 1275 1275
i 0 1 1 0 1 425 425 425
i 0 1 1 0 1 1275 1275 1275
i 0 1 1 0 1 1275 1275 1275
i 0 1 1 0 1 425 425 425
i 0 1 1 0 1 1275 1275 1275
i 0 1 1 0 1 250 250 250
i 0 1 1 0 1 165 165 165
i 2 1 1 0 1 1275 2550 1394
i 4 1 1 0 1 425 850 629
i 2 1 1 0 1 1275 2550 1275
i 3 1 1 0 1 250 500 250
i 4 1 1 0 1 425 850 425
i 2 1 1 0 1 425 850 425
i 2 1 1 0 1 425 850 425
i 4 1 1 0 1 1275 2550 1742
i 1 1 1 0 1 1275 2550 1275
i 1 1 1 0 1 1275 2550 2004
i 3 1 1 0 1 1275 2550 1325
i 4 1 1 0 1 2550 5100 2550
i 4 1 1 0 1 165 330 165
i 4 1 1 0 1 425 850 425
i 2 1 1 0 1 1275 2550 2224
i 2 1 1 0 1 1275 2550 1275
i 4 1 1 0 1 425 850 837
i 3 1 1 0 1 250 500 250
i 1 1 1 0 1 250 500 478
i 3 1 1 0 1 1275 2550 1275
i 1 1 1 0 1 425 850 491
i 4 1 1 0 1 1275 2550 1275
i 1 1 1 0 1 1275 2550 1275
i 1 1 1 0 1 425 850 832
i 3 1 1 0 1 1275 2550 1275
i 2 1 1 0 1 1275 2550 1275
i 4 1 1 0 1 850 1700 1543
i 1 1 1 0 1 425 850 425
i 2 1 1 0 1 1275 2550 1275
i 2 1 1 0 1 1275 2550 2144
i 4 1 1 0 1 425 850 445
i 4 1 1 0 1 1275 2550 1660
i 4 1 1 0 1 425 850 602
i 2 1 1 0 1 1275 2550 1542
i 3 1 1 0 1 1275 2550 1275
i 4 1 1 0 1 425 850 425
i 2 1 1 0 1 250 500 471
i 2 1 1 0 1 425 850 425
i 2 1 1 0 1 425 850 450
i 2 1 1 0 1 1275 2550 2377
i 2 1 1 0 1 250 500 250
i 4 1 1 0 1 165 330 165
i 3 1 1 0 1 250 500 344
i 4 1 1 0 1 1275 2550 2217
i 1 1 1 0 1 425 850 425
i 4 1 1 0 1 425 850 662
i 3 1 1 0 1 165 330 234
i 3 1 1 0 1 500 1000 500
i 2 1 1 0 1 500 1000 852
i 4 1 1 0 1 1275 2550 1664
i 4 1 1 0 1 1275 2550 1275
i 3 1 1 0 1 2550 5100 2550
i 4 1 1 0 1 500 1000 500
i 3 1 1 0 1 2975 5950 2975
i 2 1 1 0 1 425 850 425
i 1 1 1 0 1 1275 2550 1275
i 2 1 1 0 1 425 850 425
i 2 1 1 0 1 1275 2550 1275
i 2 1 1 0 1 425 850 425
i 2 1 1 0 1 500 1000 500
i 3 1 1 0 1 850 1700 850
i 2 1 1 0 1 250 500 250
i 3 1 1 0 1 425 850 425
i 4 1 1 0 1 1275 2550 1275
i 4 1 1 0 1 425 850 425
i 4 1 1 0 1 425 850 425
i 4 1 1 0 1 1275 2550 1275
i 1 1 1 0 1 425 850 425
i 1 1 1 0 1 425 850 425
i 4 1 1 0 1 425 850 425
i 4 1 1 0 1 425 850 425
i 4 1 1 0 1 1275 2550 1275
i 2 1 1 0 1 1275 2550 1275
i 4 1 1 0 1 165 330 165
i 1 1 1 0 1 250 500 250
i 2 1 1 0 1 425 850 425
i 2 1 1 0 1 1275 2550 1275
i 4 1 1 0 1 165 330 165
i 2 1 1 0 1 1275 2550 1275
i 2 1 1 0 1 1275 2550 1275
i 2 1 1 0 1 1275 2550 1275
i 4 1 1 0 1 1275 2550 1275
i 4 1 1 0 1 1700 3400 1700
i 3 1 1 0 1 425 850 425
i 4 1 1 0 1 1275 2550 1275
i 3 1 1 0 1 165 330 165
i 2 1 1 0 1 425 850 425
i 2 1 1 0 1 425 850 425
i 1 1 1 0 1 165 330 165
i 1 1 1 0 1 425 850 425
i 4 1 1 0 1 250 500 250
i 4 1 1 0 1 1275 2550 1275
i 4 1 1 0 1 1275 2550 1275
i 1 1 1 0 1 1275 2550 1275
i 4 1 1 0 1 425 850 425
i 4 1 1 0 1 425 850 425
i 4 1 1 0 1 250 500 250
i 4 1 1 0 1 250 500 250
i 1 1 1 0 1 1275 2550 1275
i 4 1 1 0 1 425 850 425
i 1 1 1 0 1 425 850 425
i 1 1 1 0 1 1275 2550 1275
i 2 1 1 0 1 425 850 425
i 1 1 1 0 1 1275 2550 1275
i 3 1 1 0 1 250 500 250
i 4 1 1 0 1 1275 2550 1275
i 4 1 1 0 1 850 1700 850
i 1 1 1 0 1 425 850 425
i 3 1 1 0 1 1275 2550 1275
i 1 1 1 0 1 250 500 250
i 4 1 1 0 1 250 500 250
i 2 1 1 0 1 1275 2550 1275
i 2 1 1 0 1 1275 2550 1275
i 3 1 1 0 1 1275 2550 1275
i 3 1 1 0 1 1275 2550 1275
i 2 1 1 0 1 425 850 425
i 1 1 1 0 1 425 850 425
i 1 1 1 0 1 425 850 425
i 2 1 1 0 1 425 850 425
i 1 1 1 0 1 1275 2550 1275
i 4 1 1 0 1 1700 3400 1700
i 3 1 1 0 1 1275 2550 1275
i 4 1 1 0 1 1275 2550 1275
i 3 1 1 0 1 1275 2550 1275
i 1 1 1 0 1 1275 2550 1275
i 3 1 1 0 1 1275 2550 1275
i 1 1 1 0 1 425 850 425
i 4 1 1 0 1 1275 2550 1275
i 2 1 1 0 1 425 850 425
i 2 1 1 0 1 165 330 165
i 3 1 1 0 1 425 850 425
i 3 1 1 0 1 425 850 425
i 4 1 1 0 1 425 850 425
i 1 1 1 0 1 1275 2550 1275
i 1 1 1 0 1 165 330 165
i 1 1 1 0 1 1275 2550 1275
i 2 1 1 0 1 425 850 425
i 3 1 1 0 1 250 500 250
i 3 1 1 0 1 1275 2550 1275
i 4 1 1 0 1 425 850 425
i 2 1 1 0 1 1275 2550 1275
i 4 1 1 0 1 425 850 425
i 4 1 1 0 1 165 330 165
i 1 1 1 0 1 425 850 425
i 1 1 1 0 1 425 850 425
i 1 1 1 0 1 1275 2550 1275
i 3 1 1 0 1 165 330 165
i 1 1 1 0 1 425 850 425
i 2 1 1 0 1 165 330 165
i 4 1 1 0 1 425 850 425
i 2 1 1 0 1 1275 2550 1275
i 1 1 1 0 1 1700 3400 1700
i 4 1 1 0 1 1275 2550 1275
i 2 1 1 0 1 425 850 425
i 1 1 1 0 1 425 850 425
i 2 1 1 0 1 425 850 425
i 3 1 1 0 1 1275 2550 1275
i 3 1 1 0 1 250 500 250
i 1 1 1 0 1 425 850 425
i 1 1 1 0 1 425 850 425
i 2 1 1 0 1 425 850 425
i 2 1 1 0 1 425 850 425
i 1 1 1 0 1 1275 2550 1275
i 3 1 1 0 1 1275 2550 1275
i 4 1 1 0 1 425 850 425
i 4 1 1 0 1 1275 2550 1275
i 4 1 1 0 1 425 850 425
i 2 1 1 0 1 165 330 165
i 4 1 1 0 1 1275 2550 1275
i 2 1 1 0 1 2125 4250 2125
i 2 1 1 0 1 165 330 165
i 1 1 1 0 1 1275 2550 1275
i 2 1 1 0 1 250 500 250
i 2 1 1 0 1 425 850 425
i 2 1 1 0 1 1275 2550 1275
i 4 1 1 0 1 250 500 250
i 4 1 1 0 1 1275 2550 1275
i 3 1 1 0 1 425 850 425
i 4 1 1 0 1 1275 2550 1275
i 3 1 1 0 1 165 330 165
i 2 1 1 0 1 1250 2500 1250
i 1 1 1 0 1 1700 3400 1700
i 4 1 1 0 1 250 500 250
i 1 1 1 0 1 165 330 165
i 1 1 1 0 1 1275 2550 1275
i 3 1 1 0 1 850 1700 850
i 1 1 1 0 1 250 500 250
i 3 1 1 0 1 425 850 425
i 4 1 1 0 1 425 850 425
i 4 1 1 0 1 425 850 425
i 3 1 1 0 1 425 850 425
i 4 1 1 0 1 500 1000 500
i 3 1 1 0 1 250 500 250
i 2 1 1 0 1 1275 2550 1275
k 13000 1.6
k 13000 1.6
k 13000 1.6
k 36000 3
k 36000 3
k 36000 3
k 36000 3
k 36000 3
