p 6 242 8 1 2 10000 27
i 0 1 1 0 1 255 255 255
i 0 1 1 0 1 765 765 765
i 0 1 1 0 1 255 255 255
i 0 1 1 0 1 510 510 510
i 0 1 1 0 1 255 255 255
i 0 1 1 0 1 765 765 765
i 0 1 1 0 1 765 765 765
i 3 1 1 0 1 765 1530 765
i 2 1 1 0 1 765 1530 846
i 1 1 1 0 1 510 1020 510
i 1 1 1 0 1 255 510 415
i 1 1 1 0 1 255 510 300
i 4 1 1 0 1 255 510 255
i 2 1 1 0 1 255 510 357
i 3 1 1 0 1 255 510 255
i 1 1 1 0 1 765 1530 765
i 4 1 1 0 1 765 1530 1078
i 3 1 1 0 1 765 1530 765
i 2 1 1 0 1 255 510 255
i 4 1 1 0 1 255 510 255
i 4 1 1 0 1 255 510 354
i 3 1 1 0 1 510 1020 510
i 3 1 1 0 1 150 300 150
i 2 1 1 0 1 255 510 366
i 3 1 1 0 1 255 510 258
i 4 1 1 0 1 765 1530 1252
i 4 1 1 0 1 255 510 345
i 2 1 1 0 1 510 1020 922
i 4 1 1 0 1 99 198 99
i 3 1 1 0 1 1020 2040 1020
i 4 1 1 0 1 255 510 255
i 3 1 1 0 1 510 1020 974
i 4 1 1 0 1 510 1020 510
i 1 1 1 0 1 765 1530 765
i 1 1 1 0 1 255 510 360
i 4 1 1 0 1 510 1020 510
i 4 1 1 0 1 255 510 255
i 2 1 1 0 1 765 1530 1398
i 2 1 1 0 1 510 1020 847
i 2 1 1 0 1 510 1020 869
i 3 1 1 0 1 765 1530 905
i 1 1 1 0 1 765 1530 765
i 3 1 1 0 1 765 1530 765
i 3 1 1 0 1 510 1020 510
i 4 1 1 0 1 765 1530 1094
i 4 1 1 0 1 150 300 292
i 1 1 1 0 1 255 510 288
i 4 1 1 0 1 99 198 123
i 2 1 1 0 1 255 510 474
i 1 1 1 0 1 765 1530 1269
i 3 1 1 0 1 255 510 378
i 3 1 1 0 1 255 510 358
i 3 1 1 0 1 255 510 412
i 2 1 1 0 1 765 1530 1156
i 4 1 1 0 1 255 510 255
i 1 1 1 0 1 255 510 255
i 3 1 1 0 1 255 510 255
i 2 1 1 0 1 765 1530 765
i 4 1 1 0 1 255 510 255
i 3 1 1 0 1 510 1020 510
i 1 1 1 0 1 765 1530 765
i 3 1 1 0 1 510 1020 510
i 1 1 1 0 1 150 300 150
i 4 1 1 0 1 255 510 255
i 3 1 1 0 1 150 300 150
i 1 1 1 0 1 765 1530 765
i 4 1 1 0 1 765 1530 765
i 3 1 1 0 1 255 510 255
i 2 1 1 0 1 150 300 150
i 4 1 1 0 1 765 1530 765
i 2 1 1 0 1 150 300 150
i 2 1 1 0 1 255 510 255
i 1 1 1 0 1 1530 3060 1530
i 4 1 1 0 1 765 1530 765
i 4 1 1 0 1 255 510 255
i 4 1 1 0 1 765 1530 765
i 4 1 1 0 1 255 510 255
i 1 1 1 0 1 765 1530 765
i 3 1 1 0 1 150 300 150
i 3 1 1 0 1 510 1020 510
i 4 1 1 0 1 255 510 255
i 3 1 1 0 1 255 510 255
i 4 1 1 0 1 765 1530 765
i 3 1 1 0 1 255 510 255
i 2 1 1 0 1 765 1530 765
i 1 1 1 0 1 765 1530 765
i 2 1 1 0 1 255 510 255
i 4 1 1 0 1 255 510 255
i 1 1 1 0 1 150 300 150
i 3 1 1 0 1 255 510 255
i 4 1 1 0 1 255 510 255
i 2 1 1 0 1 765 1530 765
i 2 1 1 0 1 255 510 255
i 2 1 1 0 1 150 300 150
i 4 1 1 0 1 765 1530 765
i 2 1 1 0 1 255 510 255
i 2 1 1 0 1 150 300 150
i 4 1 1 0 1 255 510 255
i 3 1 1 0 1 765 1530 765
i 1 1 1 0 1 765 1530 765
i 3 1 1 0 1 765 1530 765
i 2 1 1 0 1 255 510 255
i 4 1 1 0 1 510 1020 510
i 2 1 1 0 1 765 1530 765
i 4 1 1 0 1 255 510 255
i 1 1 1 0 1 765 1530 765
i 4 1 1 0 1 255 510 255
i 4 1 1 0 1 765 1530 765
i 2 1 1 0 1 255 510 255
i 2 1 1 0 1 510 1020 510
i 3 1 1 0 1 255 510 255
i 1 1 1 0 1 765 1530 765
i 1 1 1 0 1 150 300 150
i 2 1 1 0 1 1020 2040 1020
i 3 1 1 0 1 510 1020 510
i 1 1 1 0 1 255 510 255
i 4 1 1 0 1 150 300 150
i 2 1 1 0 1 510 1020 510
i 3 1 1 0 1 150 300 150
i 1 1 1 0 1 765 1530 765
i 2 1 1 0 1 765 1530 765
i 4 1 1 0 1 255 510 255
i 4 1 1 0 1 765 1530 765
i 2 1 1 0 1 255 510 255
i 2 1 1 0 1 255 510 255
i 2 1 1 0 1 510 1020 510
i 1 1 1 0 1 765 1530 765
i 2 1 1 0 1 1020 2040 1020
i 4 1 1 0 1 765 1530 765
i 2 1 1 0 1 255 510 255
i 1 1 1 0 1 255 510 255
i 4 1 1 0 1 255 510 255
i 4 1 1 0 1 255 510 255
i 3 1 1 0 1 510 1020 510
i 2 1 1 0 1 255 510 255
i 4 1 1 0 1 255 510 255
i 1 1 1 0 1 255 510 255
i 3 1 1 0 1 255 510 255
i 2 1 1 0 1 255 510 255
i 4 1 1 0 1 255 510 255
i 4 1 1 0 1 765 1530 765
i 2 1 1 0 1 510 1020 510
i 1 1 1 0 1 255 510 255
i 2 1 1 0 1 765 1530 765
i 2 1 1 0 1 765 1530 765
i 3 1 1 0 1 255 510 255
i 2 1 1 0 1 255 510 255
i 3 1 1 0 1 255 510 255
i 1 1 1 0 1 765 1530 765
i 3 1 1 0 1 255 510 255
i 1 1 1 0 1 255 510 255
i 3 1 1 0 1 510 1020 510
i 1 1 1 0 1 510 1020 510
i 1 1 1 0 1 255 510 255
i 2 1 1 0 1 255 510 255
i 2 1 1 0 1 255 510 255
i 4 1 1 0 1 765 1530 765
i 4 1 1 0 1 255 510 255
i 1 1 1 0 1 255 510 255
i 1 1 1 0 1 255 510 255
i 3 1 1 0 1 300 600 300
i 2 1 1 0 1 255 510 255
i 1 1 1 0 1 510 1020 510
i 2 1 1 0 1 765 1530 765
i 2 1 1 0 1 255 510 255
i 1 1 1 0 1 255 510 255
i 4 1 1 0 1 765 1530 765
i 2 1 1 0 1 255 510 255
i 3 1 1 0 1 150 300 150
i 4 1 1 0 1 765 1530 765
i 1 1 1 0 1 255 510 255
i 3 1 1 0 1 255 510 255
i 4 1 1 0 1 255 510 255
i 1 1 1 0 1 255 510 255
i 3 1 1 0 1 255 510 255
i 2 1 1 0 1 765 1530 765
i 3 1 1 0 1 255 510 255
i 3 1 1 0 1 1530 3060 1530
i 1 1 1 0 1 150 300 150
i 2 1 1 0 1 99 198 99
i 3 1 1 0 1 255 510 255
i 2 1 1 0 1 255 510 255
i 1 1 1 0 1 1020 2040 1020
i 4 1 1 0 1 765 1530 765
i 4 1 1 0 1 510 1020 510
i 4 1 1 0 1 255 510 255
i 1 1 1 0 1 765 1530 765
i 2 1 1 0 1 510 1020 510
i 2 1 1 0 1 255 510 255
i 4 1 1 0 1 255 510 255
i 2 1 1 0 1 255 510 255
i 2 1 1 0 1 510 1020 510
i 1 1 1 0 1 510 1020 510
i 1 1 1 0 1 510 1020 510
i 4 1 1 0 1 765 1530 765
i 1 1 1 0 1 510 1020 510
i 2 1 1 0 1 765 1530 765
i 2 1 1 0 1 1020 2040 1020
i 4 1 1 0 1 510 1020 510
i 4 1 1 0 1 765 1530 765
i 4 1 1 0 1 99 198 99
i 4 1 1 0 1 510 1020 510
i 4 1 1 0 1 765 1530 765
i 1 1 1 0 1 765 1530 765
i 2 1 1 0 1 255 510 255
i 3 1 1 0 1 150 300 150
i 1 1 1 0 1 765 1530 765
i 1 1 1 0 1 255 510 255
i 2 1 1 0 1 510 1020 510
i 3 1 1 0 1 510 1020 510
i 3 1 1 0 1 150 300 150
i 1 1 1 0 1 765 1530 765
i 2 1 1 0 1 255 510 255
i 4 1 1 0 1 255 510 255
i 3 1 1 0 1 255 510 255
i 2 1 1 0 1 765 1530 765
i 2 1 1 0 1 255 510 255
i 4 1 1 0 1 255 510 255
i 2 1 1 0 1 255 510 255
i 4 1 1 0 1 255 510 255
i 1 1 1 0 1 765 1530 765
i 3 1 1 0 1 255 510 255
i 2 1 1 0 1 510 1020 510
i 4 1 1 0 1 255 510 255
i 3 1 1 0 1 255 510 255
i 1 1 1 0 1 765 1530 765
i 4 1 1 0 1 765 1530 765
i 1 1 1 0 1 255 510 255
i 3 1 1 0 1 510 1020 510
i 3 1 1 0 1 255 510 255
i 3 1 1 0 1 255 510 255
i 3 1 1 0 1 300 600 300
i 4 1 1 0 1 765 1530 765
i 1 1 1 0 1 255 510 255
i 2 1 1 0 1 765 1530 765
i 1 1 1 0 1 255 510 255
i 3 1 1 0 1 510 1020 510
i 3 1 1 0 1 765 1530 765
i 4 1 1 0 1 255 510 255
i 2 1 1 0 1 450 900 450
i 2 1 1 0 1 99 198 99
i 1 1 1 0 1 255 510 255
k 13000 1.6
k 13000 1.6
k 13000 1.6
k 36000 3
k 36000 3
k 36000 3
k 36000 3
k 36000 3
