p 6 216 8 1 2 10000 25
i 0 1 1 0 1 1275 1275 1275
i 0 1 1 0 1 1275 1275 1275
i 0 1 1 0 1 1275 1275 1275
i 0 1 1 0 1 1275 1275 1275
i 0 1 1 0 1 165 165 165
i 0 1 1 0 1 1275 1275 1275
i 0 1 1 0 1 1275 1275 1275
i 0 1 1 0 1 1275 1275 1275
i 0 1 1 0 1 500 500 500
i 0 1 1 0 1 425 425 425
i 0 1 1 0 1 250 250 250
i 0 1 1 0 1 1275 1275 1275
i 0 1 1 0 1 1275 1275 1275
i 0 1 1 0 1 425 425 425
i 0 1 1 0 1 1275 1275 1275
i 0 1 1 0 1 425 425 425
i 0 1 1 0 1 1275 1275 1275
i 0 1 1 0 1 1275 1275 1275
i 0 1 1 0 1 425 425 425
i 0 1 1 0 1 1275 1275 1275
i 0 1 1 0 1 250 250 250
i 0 1 1 0 1 165 165 165
i 2 1 1 0 1 250 500 308
i 1 1 1 0 1 1275 2550 1275
i 1 1 1 0 1 425 850 425
i 2 1 1 0 1 500 1000 588
i 4 1 1 0 1 165 330 290
i 4 1 1 0 1 1275 2550 1922
i 1 1 1 0 1 165 330 165
i 4 1 1 0 1 1275 2550 1275
i 2 1 1 0 1 425 850 425
i 1 1 1 0 1 425 850 425
i 2 1 1 0 1 1275 2550 2026
i 3 1 1 0 1 2975 5950 2975
i 3 1 1 0 1 1275 2550 1275
i 3 1 1 0 1 425 850 601
i 3 1 1 0 1 2550 5100 2550
i 4 1 1 0 1 2550 5100 4853
i 3 1 1 0 1 165 330 165
i 1 1 1 0 1 425 850 497
i 1 1 1 0 1 425 850 425
i 3 1 1 0 1 1275 2550 1313
i 3 1 1 0 1 425 850 834
i 4 1 1 0 1 1275 2550 1707
i 1 1 1 0 1 250 500 423
i 4 1 1 0 1 425 850 714
i 4 1 1 0 1 425 850 425
i 3 1 1 0 1 1275 2550 1275
i 4 1 1 0 1 425 850 425
i 3 1 1 0 1 165 330 165
i 1 1 1 0 1 165 330 165
i 2 1 1 0 1 250 500 250
i 4 1 1 0 1 165 330 212
i 2 1 1 0 1 425 850 545
i 4 1 1 0 1 1275 2550 1275
i 2 1 1 0 1 1275 2550 1275
i 2 1 1 0 1 1275 2550 2003
i 4 1 1 0 1 425 850 425
i 4 1 1 0 1 250 500 290
i 2 1 1 0 1 1275 2550 1275
i 1 1 1 0 1 165 330 165
i 2 1 1 0 1 250 500 250
i 2 1 1 0 1 165 330 290
i 3 1 1 0 1 1275 2550 1445
i 4 1 1 0 1 1275 2550 1417
i 4 1 1 0 1 425 850 676
i 2 1 1 0 1 425 850 780
i 1 1 1 0 1 1275 2550 1275
i 3 1 1 0 1 1275 2550 1275
i 2 1 1 0 1 165 330 178
i 4 1 1 0 1 250 500 295
i 1 1 1 0 1 1275 2550 1786
i 2 1 1 0 1 425 850 425
i 3 1 1 0 1 250 500 250
i 1 1 1 0 1 1275 2550 1275
i 4 1 1 0 1 1275 2550 1275
i 4 1 1 0 1 425 850 425
i 3 1 1 0 1 250 500 250
i 2 1 1 0 1 425 850 425
i 3 1 1 0 1 1275 2550 1275
i 3 1 1 0 1 1275 2550 1275
i 4 1 1 0 1 1275 2550 1275
i 4 1 1 0 1 1275 2550 1275
i 4 1 1 0 1 425 850 425
i 1 1 1 0 1 1275 2550 1275
i 1 1 1 0 1 425 850 425
i 3 1 1 0 1 1275 2550 1275
i 1 1 1 0 1 425 850 425
i 4 1 1 0 1 1275 2550 1275
i 2 1 1 0 1 1275 2550 1275
i 4 1 1 0 1 1275 2550 1275
i 3 1 1 0 1 425 850 425
i 3 1 1 0 1 250 500 250
i 3 1 1 0 1 425 850 425
i 1 1 1 0 1 1275 2550 1275
i 2 1 1 0 1 425 850 425
i 2 1 1 0 1 425 850 425
i 4 1 1 0 1 425 850 425
i 2 1 1 0 1 425 850 425
i 3 1 1 0 1 425 850 425
i 2 1 1 0 1 425 850 425
i 4 1 1 0 1 165 330 165
i 2 1 1 0 1 425 850 425
i 2 1 1 0 1 2125 4250 2125
i 1 1 1 0 1 425 850 425
i 1 1 1 0 1 425 850 425
i 4 1 1 0 1 425 850 425
i 1 1 1 0 1 425 850 425
i 4 1 1 0 1 425 850 425
i 1 1 1 0 1 1275 2550 1275
i 2 1 1 0 1 1275 2550 1275
i 3 1 1 0 1 425 850 425
i 2 1 1 0 1 1275 2550 1275
i 4 1 1 0 1 1275 2550 1275
i 4 1 1 0 1 1275 2550 1275
i 4 1 1 0 1 250 500 250
i 3 1 1 0 1 1275 2550 1275
i 4 1 1 0 1 1275 2550 1275
i 2 1 1 0 1 1275 2550 1275
i 4 1 1 0 1 1275 2550 1275
i 4 1 1 0 1 1700 3400 1700
i 1 1 1 0 1 425 850 425
i 2 1 1 0 1 425 850 425
i 4 1 1 0 1 500 1000 500
i 4 1 1 0 1 1700 3400 1700
i 4 1 1 0 1 850 1700 850
i 3 1 1 0 1 250 500 250
i 1 1 1 0 1 1275 2550 1275
i 2 1 1 0 1 1275 2550 1275
i 4 1 1 0 1 425 850 425
i 4 1 1 0 1 165 330 165
i 1 1 1 0 1 1275 2550 1275
i 3 1 1 0 1 250 500 250
i 3 1 1 0 1 850 1700 850
i 2 1 1 0 1 1275 2550 1275
i 1 1 1 0 1 425 850 425
i 2 1 1 0 1 1275 2550 1275
i 2 1 1 0 1 425 850 425
i 2 1 1 0 1 425 850 425
i 4 1 1 0 1 250 500 250
i 3 1 1 0 1 165 330 165
i 4 1 1 0 1 425 850 425
i 1 1 1 0 1 1275 2550 1275
i 4 1 1 0 1 165 330 165
i 3 1 1 0 1 1275 2550 1275
i 1 1 1 0 1 425 850 425
i 3 1 1 0 1 425 850 425
i 1 1 1 0 1 1275 2550 1275
i 2 1 1 0 1 1275 2550 1275
i 2 1 1 0 1 1275 2550 1275
i 1 1 1 0 1 425 850 425
i 2 1 1 0 1 425 850 425
i 4 1 1 0 1 425 850 425
i 4 1 1 0 1 1275 2550 1275
i 3 1 1 0 1 1275 2550 1275
i 4 1 1 0 1 850 1700 850
i 4 1 1 0 1 425 850 425
i 2 1 1 0 1 425 850 425
i 2 1 1 0 1 250 500 250
i 4 1 1 0 1 1275 2550 1275
i 2 1 1 0 1 1275 2550 1275
i 1 1 1 0 1 1275 2550 1275
i 1 1 1 0 1 425 850 425
i 2 1 1 0 1 1275 2550 1275
i 1 1 1 0 1 425 850 425
i 1 1 1 0 1 425 850 425
i 4 1 1 0 1 1275 2550 1275
i 4 1 1 0 1 1275 2550 1275
i 4 1 1 0 1 250 500 250
i 3 1 1 0 1 250 500 250
i 1 1 1 0 1 1700 3400 1700
i 2 1 1 0 1 1275 2550 1275
i 3 1 1 0 1 1275 2550 1275
i 4 1 1 0 1 1275 2550 1275
i 1 1 1 0 1 425 850 425
i 1 1 1 0 1 250 500 250
i 4 1 1 0 1 1275 2550 1275
i 3 1 1 0 1 500 1000 500
i 1 1 1 0 1 1275 2550 1275
i 1 1 1 0 1 250 500 250
i 4 1 1 0 1 425 850 425
i 2 1 1 0 1 425 850 425
i 4 1 1 0 1 500 1000 500
i 2 1 1 0 1 1275 2550 1275
i 1 1 1 0 1 1275 2550 1275
i 2 1 1 0 1 1250 2500 1250
i 1 1 1 0 1 425 850 425
i 2 1 1 0 1 425 850 425
i 3 1 1 0 1 1275 2550 1275
i 3 1 1 0 1 250 500 250
i 3 1 1 0 1 850 1700 850
i 2 1 1 0 1 500 1000 500
i 2 1 1 0 1 1275 2550 1275
i 4 1 1 0 1 425 850 425
i 2 1 1 0 1 425 850 425
i 2 1 1 0 1 425 850 425
i 4 1 1 0 1 425 850 425
i 2 1 1 0 1 425 850 425
i 1 1 1 0 1 250 500 250
i 4 1 1 0 1 425 850 425
i 2 1 1 0 1 1275 2550 1275
i 4 1 1 0 1 1275 2550 1275
i 1 1 1 0 1 1700 3400 1700
i 4 1 1 0 1 425 850 425
i 1 1 1 0 1 1275 2550 1275
i 4 1 1 0 1 425 850 425
i 4 1 1 0 1 425 850 425
i 3 1 1 0 1 165 330 165
i 4 1 1 0 1 425 850 425
i 2 1 1 0 1 1275 2550 1275
i 2 1 1 0 1 1275 2550 1275
i 2 1 1 0 1 165 330 165
i 4 1 1 0 1 250 500 250
i 1 1 1 0 1 1275 2550 1275
i 2 1 1 0 1 165 330 165
i 4 1 1 0 1 425 850 425
k 13000 1.6
k 13000 1.6
k 13000 1.6
k 36000 3
k 36000 3
k 36000 3
k 36000 3
k 36000 3
