p 6 242 8 1 2 10000 27
i 0 1 1 0 1 255 255 255
i 0 1 1 0 1 765 765 765
i 0 1 1 0 1 255 255 255
i 0 1 1 0 1 510 510 510
i 0 1 1 0 1 255 255 255
i 0 1 1 0 1 765 765 765
i 0 1 1 0 1 765 765 765
i 3 1 1 0 1 765 1530 1286
i 4 1 1 0 1 765 1530 1138
i 1 1 1 0 1 1530 3060 1530
i 3 1 1 0 1 255 510 255
i 4 1 1 0 1 510 1020 712
i 2 1 1 0 1 510 1020 739
i 4 1 1 0 1 765 1530 765
i 4 1 1 0 1 255 510 255
i 3 1 1 0 1 150 300 210
i 1 1 1 0 1 255 510 334
i 4 1 1 0 1 150 300 292
i 2 1 1 0 1 765 1530 766
i 4 1 1 0 1 255 510 255
i 2 1 1 0 1 255 510 270
i 4 1 1 0 1 255 510 255
i 4 1 1 0 1 255 510 290
i 2 1 1 0 1 765 1530 765
i 4 1 1 0 1 510 1020 510
i 4 1 1 0 1 255 510 407
i 4 1 1 0 1 765 1530 821
i 2 1 1 0 1 510 1020 510
i 4 1 1 0 1 765 1530 765
i 1 1 1 0 1 765 1530 765
i 4 1 1 0 1 765 1530 1422
i 1 1 1 0 1 1020 2040 1020
i 4 1 1 0 1 765 1530 1504
i 3 1 1 0 1 150 300 282
i 1 1 1 0 1 255 510 255
i 4 1 1 0 1 510 1020 510
i 2 1 1 0 1 1020 2040 1020
i 3 1 1 0 1 255 510 331
i 2 1 1 0 1 765 1530 765
i 3 1 1 0 1 150 300 150
i 3 1 1 0 1 255 510 426
i 1 1 1 0 1 150 300 150
i 4 1 1 0 1 255 510 441
i 3 1 1 0 1 255 510 492
i 2 1 1 0 1 99 198 99
i 3 1 1 0 1 1530 3060 1530
i 2 1 1 0 1 765 1530 765
i 3 1 1 0 1 765 1530 1518
i 1 1 1 0 1 765 1530 765
i 4 1 1 0 1 150 300 150
i 4 1 1 0 1 255 510 255
i 2 1 1 0 1 255 510 255
i 3 1 1 0 1 255 510 255
i 2 1 1 0 1 510 1020 771
i 4 1 1 0 1 510 1020 813
i 4 1 1 0 1 255 510 457
i 2 1 1 0 1 255 510 255
i 2 1 1 0 1 255 510 255
i 2 1 1 0 1 510 1020 940
i 2 1 1 0 1 510 1020 510
i 4 1 1 0 1 255 510 392
i 4 1 1 0 1 255 510 255
i 1 1 1 0 1 765 1530 765
i 4 1 1 0 1 99 198 99
i 4 1 1 0 1 765 1530 1192
i 2 1 1 0 1 765 1530 765
i 3 1 1 0 1 255 510 321
i 1 1 1 0 1 255 510 255
i 2 1 1 0 1 255 510 255
i 4 1 1 0 1 765 1530 765
i 4 1 1 0 1 765 1530 765
i 1 1 1 0 1 255 510 255
i 3 1 1 0 1 255 510 255
i 1 1 1 0 1 255 510 255
i 1 1 1 0 1 255 510 255
i 3 1 1 0 1 150 300 150
i 3 1 1 0 1 255 510 255
i 3 1 1 0 1 255 510 255
i 4 1 1 0 1 255 510 255
i 2 1 1 0 1 255 510 255
i 4 1 1 0 1 255 510 255
i 2 1 1 0 1 510 1020 510
i 2 1 1 0 1 255 510 255
i 4 1 1 0 1 765 1530 765
i 2 1 1 0 1 255 510 255
i 1 1 1 0 1 255 510 255
i 3 1 1 0 1 255 510 255
i 4 1 1 0 1 765 1530 765
i 1 1 1 0 1 765 1530 765
i 1 1 1 0 1 255 510 255
i 4 1 1 0 1 99 198 99
i 1 1 1 0 1 150 300 150
i 2 1 1 0 1 255 510 255
i 2 1 1 0 1 150 300 150
i 1 1 1 0 1 765 1530 765
i 3 1 1 0 1 765 1530 765
i 3 1 1 0 1 255 510 255
i 1 1 1 0 1 765 1530 765
i 2 1 1 0 1 255 510 255
i 2 1 1 0 1 765 1530 765
i 3 1 1 0 1 150 300 150
i 3 1 1 0 1 255 510 255
i 2 1 1 0 1 765 1530 765
i 2 1 1 0 1 255 510 255
i 2 1 1 0 1 255 510 255
i 1 1 1 0 1 255 510 255
i 1 1 1 0 1 765 1530 765
i 4 1 1 0 1 255 510 255
i 3 1 1 0 1 255 510 255
i 4 1 1 0 1 255 510 255
i 1 1 1 0 1 255 510 255
i 2 1 1 0 1 450 900 450
i 3 1 1 0 1 510 1020 510
i 2 1 1 0 1 255 510 255
i 1 1 1 0 1 255 510 255
i 1 1 1 0 1 255 510 255
i 3 1 1 0 1 510 1020 510
i 2 1 1 0 1 255 510 255
i 4 1 1 0 1 765 1530 765
i 2 1 1 0 1 510 1020 510
i 1 1 1 0 1 765 1530 765
i 1 1 1 0 1 765 1530 765
i 2 1 1 0 1 510 1020 510
i 4 1 1 0 1 255 510 255
i 2 1 1 0 1 255 510 255
i 3 1 1 0 1 255 510 255
i 4 1 1 0 1 255 510 255
i 1 1 1 0 1 255 510 255
i 3 1 1 0 1 255 510 255
i 3 1 1 0 1 255 510 255
i 2 1 1 0 1 255 510 255
i 2 1 1 0 1 510 1020 510
i 1 1 1 0 1 150 300 150
i 3 1 1 0 1 765 1530 765
i 3 1 1 0 1 510 1020 510
i 4 1 1 0 1 765 1530 765
i 2 1 1 0 1 765 1530 765
i 3 1 1 0 1 510 1020 510
i 4 1 1 0 1 255 510 255
i 2 1 1 0 1 765 1530 765
i 1 1 1 0 1 765 1530 765
i 1 1 1 0 1 255 510 255
i 3 1 1 0 1 510 1020 510
i 1 1 1 0 1 510 1020 510
i 2 1 1 0 1 150 300 150
i 4 1 1 0 1 255 510 255
i 1 1 1 0 1 255 510 255
i 2 1 1 0 1 765 1530 765
i 3 1 1 0 1 255 510 255
i 4 1 1 0 1 255 510 255
i 3 1 1 0 1 765 1530 765
i 4 1 1 0 1 255 510 255
i 1 1 1 0 1 510 1020 510
i 4 1 1 0 1 255 510 255
i 4 1 1 0 1 255 510 255
i 2 1 1 0 1 765 1530 765
i 1 1 1 0 1 255 510 255
i 2 1 1 0 1 255 510 255
i 4 1 1 0 1 765 1530 765
i 4 1 1 0 1 255 510 255
i 2 1 1 0 1 255 510 255
i 3 1 1 0 1 255 510 255
i 4 1 1 0 1 255 510 255
i 4 1 1 0 1 255 510 255
i 4 1 1 0 1 765 1530 765
i 4 1 1 0 1 255 510 255
i 1 1 1 0 1 765 1530 765
i 4 1 1 0 1 765 1530 765
i 1 1 1 0 1 765 1530 765
i 4 1 1 0 1 765 1530 765
i 3 1 1 0 1 255 510 255
i 4 1 1 0 1 255 510 255
i 3 1 1 0 1 510 1020 510
i 2 1 1 0 1 255 510 255
i 1 1 1 0 1 765 1530 765
i 3 1 1 0 1 255 510 255
i 3 1 1 0 1 510 1020 510
i 4 1 1 0 1 765 1530 765
i 2 1 1 0 1 765 1530 765
i 1 1 1 0 1 765 1530 765
i 2 1 1 0 1 510 1020 510
i 1 1 1 0 1 510 1020 510
i 2 1 1 0 1 150 300 150
i 2 1 1 0 1 765 1530 765
i 2 1 1 0 1 510 1020 510
i 4 1 1 0 1 510 1020 510
i 2 1 1 0 1 99 198 99
i 4 1 1 0 1 510 1020 510
i 2 1 1 0 1 255 510 255
i 1 1 1 0 1 765 1530 765
i 1 1 1 0 1 255 510 255
i 1 1 1 0 1 255 510 255
i 1 1 1 0 1 765 1530 765
i 3 1 1 0 1 510 1020 510
i 3 1 1 0 1 510 1020 510
i 3 1 1 0 1 150 300 150
i 3 1 1 0 1 255 510 255
i 3 1 1 0 1 510 1020 510
i 1 1 1 0 1 150 300 150
i 2 1 1 0 1 255 510 255
i 1 1 1 0 1 765 1530 765
i 2 1 1 0 1 255 510 255
i 3 1 1 0 1 510 1020 510
i 1 1 1 0 1 510 1020 510
i 2 1 1 0 1 150 300 150
i 1 1 1 0 1 765 1530 765
i 3 1 1 0 1 765 1530 765
i 1 1 1 0 1 255 510 255
i 3 1 1 0 1 255 510 255
i 3 1 1 0 1 300 600 300
i 2 1 1 0 1 255 510 255
i 2 1 1 0 1 255 510 255
i 4 1 1 0 1 765 1530 765
i 2 1 1 0 1 255 510 255
i 4 1 1 0 1 765 1530 765
i 1 1 1 0 1 510 1020 510
i 4 1 1 0 1 765 1530 765
i 2 1 1 0 1 255 510 255
i 3 1 1 0 1 300 600 300
i 4 1 1 0 1 765 1530 765
i 3 1 1 0 1 765 1530 765
i 3 1 1 0 1 1020 2040 1020
i 4 1 1 0 1 255 510 255
i 3 1 1 0 1 510 1020 510
i 4 1 1 0 1 255 510 255
i 4 1 1 0 1 255 510 255
i 1 1 1 0 1 255 510 255
i 3 1 1 0 1 255 510 255
i 1 1 1 0 1 510 1020 510
i 2 1 1 0 1 765 1530 765
i 4 1 1 0 1 255 510 255
i 3 1 1 0 1 150 300 150
i 1 1 1 0 1 765 1530 765
i 2 1 1 0 1 1020 2040 1020
i 2 1 1 0 1 1020 2040 1020
i 4 1 1 0 1 99 198 99
i 2 1 1 0 1 765 1530 765
i 3 1 1 0 1 255 510 255
i 1 1 1 0 1 765 1530 765
i 1 1 1 0 1 255 510 255
i 2 1 1 0 1 255 510 255
i 2 1 1 0 1 255 510 255
k 13000 1.6
k 13000 1.6
k 13000 1.6
k 36000 3
k 36000 3
k 36000 3
k 36000 3
k 36000 3
