p 6 216 8 1 2 10000 25
i 0 1 1 0 1 1275 1275 1275
i 0 1 1 0 1 1275 1275 1275
i 0 1 1 0 1 1275 1275 1275
i 0 1 1 0 1 1275 1275 1275
i 0 1 1 0 1 165 165 165
i 0 1 1 0 1 1275 1275 1275
i 0 1 1 0 1 1275 1275 1275
i 0 1 1 0 1 1275 1275 1275
i 0 1 1 0 1 500 500 500
i 0 1 1 0 1 425 425 425
i 0 1 1 0 1 250 250 250
i 0 1 1 0 1 1275 1275 1275
i 0 1 1 0 1 1275 1275 1275
i 0 1 1 0 1 425 425 425
i 0 1 1 0 1 1275 1275 1275
i 0 1 1 0 1 425 425 425
i 0 1 1 0 1 1275 1275 1275
i 0 1 1 0 1 1275 1275 1275
i 0 1 1 0 1 425 425 425
i 0 1 1 0 1 1275 1275 1275
i 0 1 1 0 1 250 250 250
i 0 1 1 0 1 165 165 165
i 4 1 1 0 1 165 330 165
i 4 1 1 0 1 850 1700 1097
i 2 1 1 0 1 425 850 425
i 3 1 1 0 1 850 1700 850
i 4 1 1 0 1 500 1000 511
i 2 1 1 0 1 165 330 233
i 4 1 1 0 1 425 850 431
i 4 1 1 0 1 1275 2550 2535
i 1 1 1 0 1 165 330 218
i 4 1 1 0 1 250 500 450
i 2 1 1 0 1 425 850 846
i 3 1 1 0 1 1275 2550 1770
i 4 1 1 0 1 425 850 425
i 1 1 1 0 1 1275 2550 1275
i 4 1 1 0 1 1275 2550 1275
i 4 1 1 0 1 1275 2550 1275
i 1 1 1 0 1 1700 3400 1700
i 4 1 1 0 1 2550 5100 2550
i 1 1 1 0 1 1275 2550 1861
i 1 1 1 0 1 1275 2550 1275
i 1 1 1 0 1 1275 2550 1275
i 2 1 1 0 1 425 850 707
i 3 1 1 0 1 500 1000 500
i 3 1 1 0 1 850 1700 850
i 2 1 1 0 1 425 850 662
i 2 1 1 0 1 425 850 425
i 1 1 1 0 1 1275 2550 1275
i 3 1 1 0 1 250 500 348
i 2 1 1 0 1 1275 2550 1275
i 1 1 1 0 1 165 330 165
i 4 1 1 0 1 425 850 563
i 1 1 1 0 1 1275 2550 2369
i 3 1 1 0 1 2975 5950 2975
i 4 1 1 0 1 425 850 425
i 1 1 1 0 1 425 850 425
i 4 1 1 0 1 1275 2550 1440
i 4 1 1 0 1 1275 2550 1275
i 1 1 1 0 1 250 500 250
i 4 1 1 0 1 425 850 612
i 2 1 1 0 1 425 850 425
i 4 1 1 0 1 425 850 425
i 4 1 1 0 1 250 500 312
i 1 1 1 0 1 1275 2550 2348
i 3 1 1 0 1 165 330 232
i 3 1 1 0 1 425 850 425
i 1 1 1 0 1 425 850 710
i 3 1 1 0 1 1275 2550 2509
i 1 1 1 0 1 425 850 662
i 4 1 1 0 1 1275 2550 1275
i 2 1 1 0 1 1275 2550 1275
i 1 1 1 0 1 1275 2550 1409
i 4 1 1 0 1 1275 2550 2489
i 4 1 1 0 1 425 850 425
i 4 1 1 0 1 1275 2550 1275
i 2 1 1 0 1 425 850 425
i 2 1 1 0 1 165 330 165
i 1 1 1 0 1 250 500 250
i 2 1 1 0 1 425 850 425
i 4 1 1 0 1 1700 3400 1700
i 3 1 1 0 1 1275 2550 1275
i 3 1 1 0 1 1275 2550 1275
i 3 1 1 0 1 1275 2550 1275
i 3 1 1 0 1 250 500 250
i 1 1 1 0 1 425 850 425
i 1 1 1 0 1 1275 2550 1275
i 2 1 1 0 1 2125 4250 2125
i 3 1 1 0 1 425 850 425
i 2 1 1 0 1 1275 2550 1275
i 2 1 1 0 1 1275 2550 1275
i 1 1 1 0 1 250 500 250
i 4 1 1 0 1 425 850 425
i 4 1 1 0 1 425 850 425
i 2 1 1 0 1 1275 2550 1275
i 2 1 1 0 1 425 850 425
i 4 1 1 0 1 1275 2550 1275
i 1 1 1 0 1 425 850 425
i 1 1 1 0 1 1275 2550 1275
i 1 1 1 0 1 1275 2550 1275
i 1 1 1 0 1 425 850 425
i 4 1 1 0 1 1700 3400 1700
i 1 1 1 0 1 1275 2550 1275
i 4 1 1 0 1 425 850 425
i 4 1 1 0 1 1275 2550 1275
i 2 1 1 0 1 1275 2550 1275
i 4 1 1 0 1 425 850 425
i 3 1 1 0 1 1275 2550 1275
i 1 1 1 0 1 1275 2550 1275
i 3 1 1 0 1 1275 2550 1275
i 4 1 1 0 1 425 850 425
i 4 1 1 0 1 425 850 425
i 1 1 1 0 1 1700 3400 1700
i 4 1 1 0 1 425 850 425
i 2 1 1 0 1 425 850 425
i 2 1 1 0 1 425 850 425
i 4 1 1 0 1 1275 2550 1275
i 2 1 1 0 1 1275 2550 1275
i 3 1 1 0 1 1275 2550 1275
i 4 1 1 0 1 850 1700 850
i 2 1 1 0 1 500 1000 500
i 1 1 1 0 1 425 850 425
i 1 1 1 0 1 1275 2550 1275
i 3 1 1 0 1 425 850 425
i 2 1 1 0 1 1275 2550 1275
i 4 1 1 0 1 425 850 425
i 4 1 1 0 1 1275 2550 1275
i 4 1 1 0 1 500 1000 500
i 4 1 1 0 1 425 850 425
i 2 1 1 0 1 425 850 425
i 3 1 1 0 1 250 500 250
i 2 1 1 0 1 425 850 425
i 2 1 1 0 1 1275 2550 1275
i 1 1 1 0 1 425 850 425
i 2 1 1 0 1 1275 2550 1275
i 1 1 1 0 1 1275 2550 1275
i 3 1 1 0 1 165 330 165
i 4 1 1 0 1 165 330 165
i 2 1 1 0 1 425 850 425
i 2 1 1 0 1 1275 2550 1275
i 2 1 1 0 1 425 850 425
i 4 1 1 0 1 250 500 250
i 2 1 1 0 1 1275 2550 1275
i 4 1 1 0 1 1275 2550 1275
i 3 1 1 0 1 165 330 165
i 4 1 1 0 1 1275 2550 1275
i 4 1 1 0 1 425 850 425
i 2 1 1 0 1 1275 2550 1275
i 4 1 1 0 1 165 330 165
i 2 1 1 0 1 1275 2550 1275
i 2 1 1 0 1 1275 2550 1275
i 3 1 1 0 1 425 850 425
i 4 1 1 0 1 1275 2550 1275
i 4 1 1 0 1 1275 2550 1275
i 2 1 1 0 1 425 850 425
i 3 1 1 0 1 1275 2550 1275
i 3 1 1 0 1 1275 2550 1275
i 1 1 1 0 1 425 850 425
i 2 1 1 0 1 1275 2550 1275
i 2 1 1 0 1 250 500 250
i 1 1 1 0 1 425 850 425
i 4 1 1 0 1 1275 2550 1275
i 3 1 1 0 1 250 500 250
i 1 1 1 0 1 425 850 425
i 1 1 1 0 1 425 850 425
i 4 1 1 0 1 425 850 425
i 1 1 1 0 1 250 500 250
i 4 1 1 0 1 1275 2550 1275
i 2 1 1 0 1 1275 2550 1275
i 4 1 1 0 1 425 850 425
i 2 1 1 0 1 1275 2550 1275
i 3 1 1 0 1 1275 2550 1275
i 1 1 1 0 1 425 850 425
i 2 1 1 0 1 500 1000 500
i 4 1 1 0 1 250 500 250
i 3 1 1 0 1 425 850 425
i 3 1 1 0 1 165 330 165
i 4 1 1 0 1 1275 2550 1275
i 1 1 1 0 1 425 850 425
i 1 1 1 0 1 165 330 165
i 4 1 1 0 1 250 500 250
i 3 1 1 0 1 425 850 425
i 4 1 1 0 1 425 850 425
i 4 1 1 0 1 425 850 425
i 2 1 1 0 1 425 850 425
i 4 1 1 0 1 165 330 165
i 2 1 1 0 1 165 330 165
i 3 1 1 0 1 425 850 425
i 1 1 1 0 1 1275 2550 1275
i 2 1 1 0 1 425 850 425
i 2 1 1 0 1 250 500 250
i 2 1 1 0 1 250 500 250
i 3 1 1 0 1 1275 2550 1275
i 4 1 1 0 1 425 850 425
i 1 1 1 0 1 425 850 425
i 4 1 1 0 1 165 330 165
i 3 1 1 0 1 250 500 250
i 2 1 1 0 1 1275 2550 1275
i 1 1 1 0 1 425 850 425
i 2 1 1 0 1 425 850 425
i 2 1 1 0 1 425 850 425
i 1 1 1 0 1 425 850 425
i 1 1 1 0 1 425 850 425
i 3 1 1 0 1 1275 2550 1275
i 3 1 1 0 1 250 500 250
i 2 1 1 0 1 165 330 165
i 4 1 1 0 1 1275 2550 1275
i 2 1 1 0 1 250 500 250
i 2 1 1 0 1 1275 2550 1275
i 3 1 1 0 1 250 500 250
i 4 1 1 0 1 250 500 250
i 2 1 1 0 1 1275 2550 1275
i 4 1 1 0 1 1275 2550 1275
i 4 1 1 0 1 425 850 425
i 3 1 1 0 1 2550 5100 2550
i 2 1 1 0 1 1250 2500 1250
k 13000 1.6
k 13000 1.6
k 13000 1.6
k 36000 3
k 36000 3
k 36000 3
k 36000 3
k 36000 3
