p 6 216 8 1 2 10000 25
i 0 1 1 0 1 1275 1275 1275
i 0 1 1 0 1 1275 1275 1275
i 0 1 1 0 1 1275 1275 1275
i 0 1 1 0 1 1275 1275 1275
i 0 1 1 0 1 165 165 165
i 0 1 1 0 1 1275 1275 1275
i 0 1 1 0 1 1275 1275 1275
i 0 1 1 0 1 1275 1275 1275
i 0 1 1 0 1 500 500 500
i 0 1 1 0 1 425 425 425
i 0 1 1 0 1 250 250 250
i 0 1 1 0 1 1275 1275 1275
i 0 1 1 0 1 1275 1275 1275
i 0 1 1 0 1 425 425 425
i 0 1 1 0 1 1275 1275 1275
i 0 1 1 0 1 425 425 425
i 0 1 1 0 1 1275 1275 1275
i 0 1 1 0 1 1275 1275 1275
i 0 1 1 0 1 425 425 425
i 0 1 1 0 1 1275 1275 1275
i 0 1 1 0 1 250 250 250
i 0 1 1 0 1 165 165 165
i 1 1 1 0 1 250 500 250
i 2 1 1 0 1 1275 2550 1275
i 2 1 1 0 1 1275 2550 1275
i 1 1 1 0 1 1275 2550 1439
i 2 1 1 0 1 425 850 477
i 2 1 1 0 1 1275 2550 1275
i 4 1 1 0 1 1275 2550 1876
i 3 1 1 0 1 165 330 165
i 4 1 1 0 1 250 500 287
i 4 1 1 0 1 1275 2550 1867
i 2 1 1 0 1 425 850 776
i 2 1 1 0 1 1275 2550 1275
i 2 1 1 0 1 1275 2550 1275
i 3 1 1 0 1 1275 2550 1275
i 2 1 1 0 1 425 850 425
i 2 1 1 0 1 425 850 425
i 2 1 1 0 1 425 850 425
i 1 1 1 0 1 425 850 425
i 3 1 1 0 1 425 850 425
i 1 1 1 0 1 1275 2550 1275
i 2 1 1 0 1 1275 2550 1324
i 1 1 1 0 1 1275 2550 2459
i 2 1 1 0 1 250 500 250
i 4 1 1 0 1 1700 3400 1700
i 4 1 1 0 1 425 850 457
i 2 1 1 0 1 1275 2550 1303
i 4 1 1 0 1 1275 2550 2211
i 1 1 1 0 1 1275 2550 1275
i 2 1 1 0 1 500 1000 864
i 2 1 1 0 1 250 500 250
i 3 1 1 0 1 1275 2550 1504
i 3 1 1 0 1 1275 2550 2478
i 3 1 1 0 1 1275 2550 1931
i 3 1 1 0 1 250 500 288
i 4 1 1 0 1 425 850 425
i 3 1 1 0 1 425 850 556
i 3 1 1 0 1 500 1000 537
i 4 1 1 0 1 250 500 305
i 4 1 1 0 1 1275 2550 1275
i 1 1 1 0 1 425 850 425
i 4 1 1 0 1 250 500 425
i 2 1 1 0 1 425 850 707
i 4 1 1 0 1 425 850 739
i 4 1 1 0 1 425 850 425
i 2 1 1 0 1 1275 2550 1539
i 1 1 1 0 1 250 500 250
i 3 1 1 0 1 425 850 820
i 1 1 1 0 1 1275 2550 1705
i 1 1 1 0 1 165 330 165
i 4 1 1 0 1 425 850 425
i 2 1 1 0 1 1275 2550 1275
i 1 1 1 0 1 250 500 250
i 4 1 1 0 1 425 850 425
i 1 1 1 0 1 425 850 425
i 2 1 1 0 1 1275 2550 1275
i 1 1 1 0 1 425 850 425
i 1 1 1 0 1 1275 2550 1275
i 2 1 1 0 1 1250 2500 1250
i 2 1 1 0 1 425 850 425
i 1 1 1 0 1 1275 2550 1275
i 4 1 1 0 1 425 850 425
i 4 1 1 0 1 165 330 165
i 4 1 1 0 1 1275 2550 1275
i 3 1 1 0 1 2975 5950 2975
i 3 1 1 0 1 850 1700 850
i 3 1 1 0 1 1275 2550 1275
i 1 1 1 0 1 1275 2550 1275
i 3 1 1 0 1 1275 2550 1275
i 3 1 1 0 1 1275 2550 1275
i 2 1 1 0 1 1275 2550 1275
i 4 1 1 0 1 1275 2550 1275
i 2 1 1 0 1 425 850 425
i 2 1 1 0 1 425 850 425
i 1 1 1 0 1 425 850 425
i 2 1 1 0 1 1275 2550 1275
i 1 1 1 0 1 165 330 165
i 3 1 1 0 1 165 330 165
i 2 1 1 0 1 165 330 165
i 1 1 1 0 1 425 850 425
i 4 1 1 0 1 1275 2550 1275
i 4 1 1 0 1 1275 2550 1275
i 2 1 1 0 1 1275 2550 1275
i 2 1 1 0 1 425 850 425
i 4 1 1 0 1 1275 2550 1275
i 4 1 1 0 1 850 1700 850
i 4 1 1 0 1 1275 2550 1275
i 4 1 1 0 1 1275 2550 1275
i 1 1 1 0 1 425 850 425
i 1 1 1 0 1 250 500 250
i 3 1 1 0 1 250 500 250
i 3 1 1 0 1 425 850 425
i 1 1 1 0 1 425 850 425
i 2 1 1 0 1 425 850 425
i 4 1 1 0 1 1275 2550 1275
i 4 1 1 0 1 1275 2550 1275
i 1 1 1 0 1 425 850 425
i 1 1 1 0 1 165 330 165
i 3 1 1 0 1 250 500 250
i 2 1 1 0 1 1275 2550 1275
i 4 1 1 0 1 500 1000 500
i 4 1 1 0 1 425 850 425
i 4 1 1 0 1 250 500 250
i 2 1 1 0 1 425 850 425
i 4 1 1 0 1 425 850 425
i 4 1 1 0 1 425 850 425
i 4 1 1 0 1 425 850 425
i 2 1 1 0 1 1275 2550 1275
i 4 1 1 0 1 425 850 425
i 3 1 1 0 1 250 500 250
i 3 1 1 0 1 1275 2550 1275
i 4 1 1 0 1 425 850 425
i 4 1 1 0 1 250 500 250
i 2 1 1 0 1 165 330 165
i 1 1 1 0 1 425 850 425
i 1 1 1 0 1 425 850 425
i 2 1 1 0 1 1275 2550 1275
i 2 1 1 0 1 1275 2550 1275
i 3 1 1 0 1 1275 2550 1275
i 4 1 1 0 1 1275 2550 1275
i 3 1 1 0 1 425 850 425
i 4 1 1 0 1 2550 5100 2550
i 2 1 1 0 1 2125 4250 2125
i 2 1 1 0 1 425 850 425
i 1 1 1 0 1 1700 3400 1700
i 4 1 1 0 1 500 1000 500
i 1 1 1 0 1 1275 2550 1275
i 4 1 1 0 1 425 850 425
i 4 1 1 0 1 1275 2550 1275
i 4 1 1 0 1 425 850 425
i 3 1 1 0 1 1275 2550 1275
i 2 1 1 0 1 425 850 425
i 4 1 1 0 1 425 850 425
i 3 1 1 0 1 165 330 165
i 1 1 1 0 1 425 850 425
i 2 1 1 0 1 500 1000 500
i 3 1 1 0 1 1275 2550 1275
i 4 1 1 0 1 425 850 425
i 4 1 1 0 1 425 850 425
i 4 1 1 0 1 425 850 425
i 1 1 1 0 1 1275 2550 1275
i 4 1 1 0 1 250 500 250
i 2 1 1 0 1 425 850 425
i 4 1 1 0 1 1275 2550 1275
i 2 1 1 0 1 425 850 425
i 1 1 1 0 1 425 850 425
i 1 1 1 0 1 1275 2550 1275
i 3 1 1 0 1 425 850 425
i 4 1 1 0 1 1275 2550 1275
i 1 1 1 0 1 1275 2550 1275
i 2 1 1 0 1 425 850 425
i 1 1 1 0 1 425 850 425
i 4 1 1 0 1 1275 2550 1275
i 4 1 1 0 1 165 330 165
i 2 1 1 0 1 425 850 425
i 4 1 1 0 1 425 850 425
i 4 1 1 0 1 1275 2550 1275
i 1 1 1 0 1 425 850 425
i 1 1 1 0 1 1275 2550 1275
i 2 1 1 0 1 1275 2550 1275
i 1 1 1 0 1 1700 3400 1700
i 3 1 1 0 1 850 1700 850
i 1 1 1 0 1 425 850 425
i 2 1 1 0 1 425 850 425
i 1 1 1 0 1 1275 2550 1275
i 3 1 1 0 1 425 850 425
i 2 1 1 0 1 1275 2550 1275
i 3 1 1 0 1 165 330 165
i 2 1 1 0 1 165 330 165
i 2 1 1 0 1 1275 2550 1275
i 4 1 1 0 1 1700 3400 1700
i 3 1 1 0 1 250 500 250
i 3 1 1 0 1 250 500 250
i 1 1 1 0 1 425 850 425
i 3 1 1 0 1 1275 2550 1275
i 2 1 1 0 1 250 500 250
i 2 1 1 0 1 250 500 250
i 2 1 1 0 1 425 850 425
i 3 1 1 0 1 1275 2550 1275
i 4 1 1 0 1 165 330 165
i 1 1 1 0 1 1275 2550 1275
i 1 1 1 0 1 425 850 425
i 4 1 1 0 1 850 1700 850
i 3 1 1 0 1 2550 5100 2550
i 4 1 1 0 1 1275 2550 1275
i 4 1 1 0 1 1275 2550 1275
i 4 1 1 0 1 425 850 425
i 1 1 1 0 1 1275 2550 1275
i 4 1 1 0 1 165 330 165
i 4 1 1 0 1 425 850 425
i 3 1 1 0 1 250 500 250
i 2 1 1 0 1 1275 2550 1275
i 4 1 1 0 1 165 330 165
i 2 1 1 0 1 165 330 165
i 4 1 1 0 1 425 850 425
k 13000 1.6
k 13000 1.6
k 13000 1.6
k 36000 3
k 36000 3
k 36000 3
k 36000 3
k 36000 3
