p 6 283 8 1 2 10000 63
i 0 1 1 0 1 425 425 425
i 0 1 1 0 1 1275 1275 1275
i 0 1 1 0 1 425 425 425
i 0 1 1 0 1 425 425 425
i 0 1 1 0 1 425 425 425
i 0 1 1 0 1 1275 1275 1275
i 0 1 1 0 1 1275 1275 1275
i 0 1 1 0 1 990 990 990
i 0 1 1 0 1 425 425 425
i 0 1 1 0 1 250 250 250
i 0 1 1 0 1 250 250 250
i 0 1 1 0 1 425 425 425
i 0 1 1 0 1 250 250 250
i 0 1 1 0 1 850 850 850
i 0 1 1 0 1 330 330 330
i 0 1 1 0 1 425 425 425
i 0 1 1 0 1 425 425 425
i 0 1 1 0 1 425 425 425
i 0 1 1 0 1 1275 1275 1275
i 0 1 1 0 1 425 425 425
i 0 1 1 0 1 425 425 425
i 0 1 1 0 1 425 425 425
i 0 1 1 0 1 2125 2125 2125
i 0 1 1 0 1 425 425 425
i 0 1 1 0 1 425 425 425
i 0 1 1 0 1 1275 1275 1275
i 0 1 1 0 1 495 495 495
i 0 1 1 0 1 1275 1275 1275
i 0 1 1 0 1 425 425 425
i 0 1 1 0 1 910 910 910
i 0 1 1 0 1 1275 1275 1275
i 0 1 1 0 1 1275 1275 1275
i 0 1 1 0 1 1275 1275 1275
i 0 1 1 0 1 250 250 250
i 0 1 1 0 1 1275 1275 1275
i 0 1 1 0 1 425 425 425
i 0 1 1 0 1 425 425 425
i 0 1 1 0 1 2125 2125 2125
i 0 1 1 0 1 915 915 915
i 0 1 1 0 1 425 425 425
i 0 1 1 0 1 850 850 850
i 0 1 1 0 1 425 425 425
i 0 1 1 0 1 425 425 425
i 0 1 1 0 1 425 425 425
i 0 1 1 0 1 1275 1275 1275
i 0 1 1 0 1 425 425 425
i 0 1 1 0 1 425 425 425
i 0 1 1 0 1 330 330 330
i 0 1 1 0 1 425 425 425
i 0 1 1 0 1 425 425 425
i 0 1 1 0 1 1275 1275 1275
i 0 1 1 0 1 425 425 425
i 0 1 1 0 1 425 425 425
i 0 1 1 0 1 425 425 425
i 0 1 1 0 1 425 425 425
i 0 1 1 0 1 250 250 250
i 0 1 1 0 1 250 250 250
i 0 1 1 0 1 1700 1700 1700
i 0 1 1 0 1 425 425 425
i 0 1 1 0 1 250 250 250
i 0 1 1 0 1 425 425 425
i 0 1 1 0 1 2125 2125 2125
i 0 1 1 0 1 1275 1275 1275
i 0 1 1 0 1 425 425 425
i 0 1 1 0 1 425 425 425
i 0 1 1 0 1 425 425 425
i 0 1 1 0 1 425 425 425
i 0 1 1 0 1 1275 1275 1275
i 0 1 1 0 1 850 850 850
i 0 1 1 0 1 1275 1275 1275
i 0 1 1 0 1 425 425 425
i 0 1 1 0 1 425 425 425
i 0 1 1 0 1 165 165 165
i 0 1 1 0 1 1275 1275 1275
i 0 1 1 0 1 1275 1275 1275
i 0 1 1 0 1 500 500 500
i 0 1 1 0 1 425 425 425
i 0 1 1 0 1 425 425 425
i 0 1 1 0 1 425 425 425
i 0 1 1 0 1 425 425 425
i 0 1 1 0 1 425 425 425
i 0 1 1 0 1 495 495 495
i 0 1 1 0 1 425 425 425
i 0 1 1 0 1 425 425 425
i 0 1 1 0 1 425 425 425
i 0 1 1 0 1 1275 1275 1275
i 0 1 1 0 1 1275 1275 1275
i 0 1 1 0 1 425 425 425
i 0 1 1 0 1 425 425 425
i 0 1 1 0 1 1275 1275 1275
i 0 1 1 0 1 425 425 425
i 0 1 1 0 1 1275 1275 1275
i 0 1 1 0 1 250 250 250
i 0 1 1 0 1 425 425 425
i 0 1 1 0 1 425 425 425
i 0 1 1 0 1 1275 1275 1275
i 0 1 1 0 1 425 425 425
i 0 1 1 0 1 500 500 500
i 0 1 1 0 1 425 425 425
i 0 1 1 0 1 425 425 425
i 0 1 1 0 1 850 850 850
i 0 1 1 0 1 250 250 250
i 0 1 1 0 1 425 425 425
i 0 1 1 0 1 425 425 425
i 0 1 1 0 1 425 425 425
i 0 1 1 0 1 1275 1275 1275
i 0 1 1 0 1 580 1740 1077
i 0 1 1 0 1 425 425 425
i 0 1 1 0 1 1275 1275 1275
i 0 1 1 0 1 1275 1275 1275
i 0 1 1 0 1 425 425 425
i 0 1 1 0 1 425 425 425
i 0 1 1 0 1 850 850 850
i 0 1 1 0 1 250 250 250
i 0 1 1 0 1 165 165 165
i 0 1 1 0 1 425 425 425
i 0 1 1 0 1 250 250 250
i 0 1 1 0 1 850 850 850
i 0 1 1 0 1 425 425 425
i 0 1 1 0 1 425 425 425
i 0 1 1 0 1 250 250 250
i 0 1 1 0 1 850 850 850
i 0 1 1 0 1 250 250 250
i 0 1 1 0 1 250 250 250
i 0 1 1 0 1 1275 1275 1275
i 0 1 1 0 1 425 425 425
i 0 1 1 0 1 1275 1275 1275
i 0 1 1 0 1 425 425 425
i 0 1 1 0 1 1275 1275 1275
i 1 1 1 0 1 1275 2550 1305
i 4 1 1 0 1 1275 2550 1666
i 2 1 1 0 1 425 850 425
i 2 1 1 0 1 425 850 715
i 2 1 1 0 1 250 500 250
i 4 1 1 0 1 1275 2550 1275
i 1 1 1 0 1 1275 2550 1275
i 2 1 1 0 1 425 850 425
i 4 1 1 0 1 1275 2550 1275
i 2 1 1 0 1 1275 2550 1275
i 3 1 1 0 1 250 500 355
i 1 1 1 0 1 425 850 425
i 3 1 1 0 1 425 850 656
i 1 1 1 0 1 1275 2550 1587
i 1 1 1 0 1 425 850 425
i 2 1 1 0 1 1275 2550 1275
i 2 1 1 0 1 250 500 250
i 3 1 1 0 1 495 990 495
i 3 1 1 0 1 1275 2550 1275
i 1 1 1 0 1 425 850 724
i 1 1 1 0 1 425 850 425
i 4 1 1 0 1 1275 2550 1889
i 2 1 1 0 1 425 850 425
i 1 1 1 0 1 425 850 425
i 2 1 1 0 1 425 850 448
i 1 1 1 0 1 425 850 425
i 2 1 1 0 1 425 850 537
i 2 1 1 0 1 425 850 828
i 3 1 1 0 1 1275 2550 1275
i 2 1 1 0 1 850 1700 940
i 3 1 1 0 1 1275 2550 1707
i 2 1 1 0 1 1275 2550 1366
i 2 1 1 0 1 1275 2550 1275
i 3 1 1 0 1 425 850 701
i 2 1 1 0 1 1275 2550 1901
i 3 1 1 0 1 250 500 250
i 1 1 1 0 1 425 850 663
i 3 1 1 0 1 425 850 425
i 4 1 1 0 1 425 850 709
i 2 1 1 0 1 165 330 272
i 1 1 1 0 1 250 500 250
i 1 1 1 0 1 425 850 425
i 4 1 1 0 1 425 850 799
i 2 1 1 0 1 425 850 425
i 3 1 1 0 1 1275 2550 1275
i 1 1 1 0 1 1275 2550 1275
i 4 1 1 0 1 850 1700 1145
i 1 1 1 0 1 425 850 745
i 1 1 1 0 1 425 850 425
i 1 1 1 0 1 425 850 425
i 4 1 1 0 1 250 500 485
i 1 1 1 0 1 250 500 354
i 2 1 1 0 1 425 850 620
i 4 1 1 0 1 250 500 250
i 3 1 1 0 1 425 850 847
i 3 1 1 0 1 2125 4250 2125
i 4 1 1 0 1 425 850 425
i 3 1 1 0 1 425 850 425
i 4 1 1 0 1 2550 5100 4409
i 1 1 1 0 1 495 990 495
i 2 1 1 0 1 1275 2550 1275
i 2 1 1 0 1 425 850 651
i 4 1 1 0 1 425 850 493
i 2 1 1 0 1 580 1160 580
i 1 1 1 0 1 425 850 492
i 4 1 1 0 1 500 1000 500
i 3 1 1 0 1 425 850 425
i 1 1 1 0 1 250 500 250
i 3 1 1 0 1 250 500 250
i 4 1 1 0 1 425 850 521
i 1 1 1 0 1 425 850 425
i 3 1 1 0 1 1275 2550 2435
i 2 1 1 0 1 425 850 425
i 2 1 1 0 1 1275 2550 1275
i 4 1 1 0 1 1275 2550 1709
i 3 1 1 0 1 425 850 425
i 1 1 1 0 1 425 850 425
i 4 1 1 0 1 500 1000 500
i 3 1 1 0 1 1275 2550 1275
i 2 1 1 0 1 1275 2550 1275
i 1 1 1 0 1 425 850 459
i 1 1 1 0 1 425 850 425
i 4 1 1 0 1 425 850 441
i 2 1 1 0 1 1275 2550 1707
i 3 1 1 0 1 1275 2550 1348
i 1 1 1 0 1 250 500 250
i 2 1 1 0 1 425 850 765
i 4 1 1 0 1 425 850 639
i 4 1 1 0 1 425 850 576
i 3 1 1 0 1 1275 2550 1275
i 3 1 1 0 1 1275 2550 1275
i 2 1 1 0 1 425 850 661
i 4 1 1 0 1 1275 2550 1892
i 1 1 1 0 1 425 850 692
i 2 1 1 0 1 425 850 425
i 4 1 1 0 1 425 850 425
i 2 1 1 0 1 425 850 425
i 4 1 1 0 1 425 850 425
i 4 1 1 0 1 1275 2550 2004
i 2 1 1 0 1 500 1000 500
i 1 1 1 0 1 1275 2550 2159
i 1 1 1 0 1 1275 2550 1275
i 2 1 1 0 1 1275 2550 1316
i 2 1 1 0 1 425 850 425
i 3 1 1 0 1 250 500 389
i 2 1 1 0 1 425 850 425
i 1 1 1 0 1 425 850 499
i 3 1 1 0 1 850 1700 850
i 4 1 1 0 1 425 850 425
i 4 1 1 0 1 1700 3400 1917
i 1 1 1 0 1 1275 2550 2062
i 3 1 1 0 1 1275 2550 1275
i 4 1 1 0 1 425 850 425
i 3 1 1 0 1 500 1000 500
i 2 1 1 0 1 425 850 425
i 3 1 1 0 1 425 850 425
i 1 1 1 0 1 850 1700 850
i 2 1 1 0 1 425 850 425
i 1 1 1 0 1 910 1820 910
i 1 1 1 0 1 425 850 425
i 2 1 1 0 1 425 850 518
i 1 1 1 0 1 425 850 425
i 1 1 1 0 1 425 850 713
i 3 1 1 0 1 250 500 250
i 3 1 1 0 1 660 1320 1215
i 3 1 1 0 1 425 850 698
i 4 1 1 0 1 580 1160 580
i 4 1 1 0 1 1275 2550 1275
i 2 1 1 0 1 425 850 425
i 1 1 1 0 1 1275 2550 2183
i 1 1 1 0 1 1275 2550 2179
i 3 1 1 0 1 425 850 707
i 4 1 1 0 1 250 500 250
i 4 1 1 0 1 1275 2550 1275
i 1 1 1 0 1 250 500 277
i 2 1 1 0 1 425 850 425
i 2 1 1 0 1 1250 2500 1331
i 3 1 1 0 1 425 850 509
i 1 1 1 0 1 1275 2550 1275
i 2 1 1 0 1 425 850 663
i 2 1 1 0 1 425 850 425
i 4 1 1 0 1 1275 2550 1275
i 2 1 1 0 1 250 500 335
i 2 1 1 0 1 1275 2550 1331
i 2 1 1 0 1 330 660 330
i 3 1 1 0 1 425 850 425
i 4 1 1 0 1 850 1700 850
i 1 1 1 0 1 580 1160 580
i 1 1 1 0 1 425 850 425
i 1 1 1 0 1 660 1320 660
i 3 1 1 0 1 1275 2550 1275
i 2 1 1 0 1 425 850 425
i 1 1 1 0 1 990 1980 990
i 2 1 1 0 1 425 850 425
k 13000 1.6
k 13000 1.6
k 13000 1.6
k 36000 3
k 36000 3
k 36000 3
k 36000 3
k 36000 3
