p 6 228 8 1 2 10000 81
i 0 1 1 0 1 255 255 255
i 0 1 1 0 1 255 255 255
i 0 1 1 0 1 255 255 255
i 0 1 1 0 1 255 255 255
i 0 1 1 0 1 255 255 255
i 0 1 1 0 1 765 765 765
i 3 1 1 0 1 510 1020 1001
i 3 1 1 0 1 255 510 274
i 1 1 1 0 1 765 1530 1309
i 4 1 1 0 1 255 510 482
i 2 1 1 0 1 255 510 255
i 3 1 1 0 1 255 510 477
i 1 1 1 0 1 150 300 150
i 4 1 1 0 1 255 510 331
i 3 1 1 0 1 1020 2040 1020
i 1 1 1 0 1 255 510 255
i 4 1 1 0 1 510 1020 628
i 2 1 1 0 1 765 1530 765
i 3 1 1 0 1 150 300 150
i 3 1 1 0 1 255 510 255
i 1 1 1 0 1 255 510 255
i 2 1 1 0 1 255 510 390
i 4 1 1 0 1 765 1530 849
i 3 1 1 0 1 510 1020 625
i 3 1 1 0 1 510 1020 921
i 2 1 1 0 1 255 510 255
i 2 1 1 0 1 765 1530 1447
i 1 1 1 0 1 765 1530 765
i 4 1 1 0 1 150 300 231
i 2 1 1 0 1 1020 2040 1020
i 4 1 1 0 1 255 510 255
i 4 1 1 0 1 765 1530 1189
i 4 1 1 0 1 765 1530 765
i 3 1 1 0 1 765 1530 1234
i 3 1 1 0 1 255 510 408
i 2 1 1 0 1 765 1530 1485
i 4 1 1 0 1 510 1020 906
i 1 1 1 0 1 765 1530 765
i 1 1 1 0 1 765 1530 1476
i 2 1 1 0 1 510 1020 897
i 3 1 1 0 1 765 1530 765
i 2 1 1 0 1 255 510 255
i 2 1 1 0 1 510 1020 510
i 1 1 1 0 1 255 510 352
i 2 1 1 0 1 255 510 255
i 2 1 1 0 1 255 510 255
i 1 1 1 0 1 150 300 292
i 1 1 1 0 1 255 510 255
i 1 1 1 0 1 255 510 430
i 1 1 1 0 1 150 300 224
i 2 1 1 0 1 150 300 150
i 3 1 1 0 1 255 510 378
i 2 1 1 0 1 255 510 323
i 4 1 1 0 1 255 510 255
i 3 1 1 0 1 255 510 276
i 4 1 1 0 1 150 300 290
i 2 1 1 0 1 255 510 352
i 1 1 1 0 1 765 1530 765
i 3 1 1 0 1 255 510 255
i 3 1 1 0 1 150 300 251
i 2 1 1 0 1 255 510 256
i 4 1 1 0 1 510 1020 510
i 2 1 1 0 1 510 1020 510
i 2 1 1 0 1 765 1530 1530
i 1 1 1 0 1 510 1020 510
i 3 1 1 0 1 765 1530 765
i 4 1 1 0 1 255 510 489
i 1 1 1 0 1 255 510 314
i 1 1 1 0 1 255 510 499
i 2 1 1 0 1 765 1530 784
i 3 1 1 0 1 510 1020 510
i 1 1 1 0 1 150 300 150
i 2 1 1 0 1 255 510 255
i 4 1 1 0 1 255 510 255
i 2 1 1 0 1 765 1530 1216
i 1 1 1 0 1 255 510 255
i 1 1 1 0 1 255 510 313
i 3 1 1 0 1 510 1020 510
i 4 1 1 0 1 510 1020 1006
i 1 1 1 0 1 255 510 255
i 4 1 1 0 1 255 510 255
i 3 1 1 0 1 255 510 306
i 3 1 1 0 1 255 510 259
i 2 1 1 0 1 255 510 255
i 3 1 1 0 1 150 300 150
i 4 1 1 0 1 255 510 426
i 1 1 1 0 1 255 510 260
i 2 1 1 0 1 255 510 255
i 4 1 1 0 1 255 510 255
i 4 1 1 0 1 255 510 255
i 2 1 1 0 1 255 510 350
i 4 1 1 0 1 255 510 459
i 4 1 1 0 1 255 510 422
i 3 1 1 0 1 255 510 427
i 1 1 1 0 1 255 510 255
i 2 1 1 0 1 255 510 286
i 1 1 1 0 1 765 1530 1191
i 4 1 1 0 1 150 300 150
i 4 1 1 0 1 150 300 150
i 2 1 1 0 1 255 510 255
i 4 1 1 0 1 510 1020 510
i 2 1 1 0 1 765 1530 933
i 2 1 1 0 1 765 1530 765
i 1 1 1 0 1 510 1020 837
i 3 1 1 0 1 510 1020 510
i 1 1 1 0 1 765 1530 1341
i 3 1 1 0 1 765 1530 895
i 3 1 1 0 1 255 510 255
i 1 1 1 0 1 765 1530 765
i 1 1 1 0 1 765 1530 1148
i 3 1 1 0 1 765 1530 765
i 2 1 1 0 1 255 510 255
i 3 1 1 0 1 765 1530 765
i 2 1 1 0 1 765 1530 1338
i 3 1 1 0 1 765 1530 765
i 1 1 1 0 1 765 1530 1507
i 2 1 1 0 1 765 1530 826
i 3 1 1 0 1 765 1530 967
i 2 1 1 0 1 765 1530 874
i 1 1 1 0 1 99 198 139
i 2 1 1 0 1 765 1530 765
i 3 1 1 0 1 255 510 255
i 1 1 1 0 1 765 1530 765
i 1 1 1 0 1 255 510 499
i 1 1 1 0 1 510 1020 510
i 3 1 1 0 1 150 300 150
i 3 1 1 0 1 510 1020 982
i 1 1 1 0 1 150 300 150
i 2 1 1 0 1 255 510 255
i 3 1 1 0 1 255 510 398
i 4 1 1 0 1 765 1530 765
i 2 1 1 0 1 510 1020 510
i 3 1 1 0 1 255 510 334
i 1 1 1 0 1 255 510 255
i 4 1 1 0 1 510 1020 510
i 4 1 1 0 1 255 510 255
i 3 1 1 0 1 765 1530 765
i 2 1 1 0 1 765 1530 1010
i 3 1 1 0 1 150 300 150
i 3 1 1 0 1 765 1530 1292
i 3 1 1 0 1 765 1530 1472
i 1 1 1 0 1 255 510 255
i 1 1 1 0 1 255 510 255
i 3 1 1 0 1 255 510 255
i 2 1 1 0 1 255 510 393
i 1 1 1 0 1 150 300 192
i 4 1 1 0 1 150 300 150
i 2 1 1 0 1 510 1020 722
i 2 1 1 0 1 150 300 150
i 2 1 1 0 1 150 300 150
i 3 1 1 0 1 765 1530 765
i 1 1 1 0 1 255 510 255
i 4 1 1 0 1 255 510 355
i 1 1 1 0 1 765 1530 765
i 3 1 1 0 1 510 1020 510
i 4 1 1 0 1 255 510 255
i 2 1 1 0 1 255 510 255
i 3 1 1 0 1 765 1530 922
i 2 1 1 0 1 510 1020 510
i 4 1 1 0 1 255 510 300
i 4 1 1 0 1 765 1530 765
i 1 1 1 0 1 255 510 505
i 2 1 1 0 1 255 510 255
i 2 1 1 0 1 300 600 300
i 2 1 1 0 1 255 510 481
i 3 1 1 0 1 765 1530 854
i 3 1 1 0 1 765 1530 1024
i 4 1 1 0 1 255 510 376
i 4 1 1 0 1 255 510 255
i 3 1 1 0 1 255 510 255
i 4 1 1 0 1 765 1530 765
i 3 1 1 0 1 1020 2040 1020
i 3 1 1 0 1 99 198 99
i 4 1 1 0 1 150 300 150
i 3 1 1 0 1 765 1530 765
i 3 1 1 0 1 765 1530 765
i 4 1 1 0 1 765 1530 1464
i 3 1 1 0 1 255 510 255
i 2 1 1 0 1 255 510 255
i 3 1 1 0 1 255 510 255
i 1 1 1 0 1 255 510 255
i 3 1 1 0 1 510 1020 510
i 2 1 1 0 1 99 198 99
i 2 1 1 0 1 765 1530 765
i 4 1 1 0 1 765 1530 1491
i 2 1 1 0 1 255 510 493
i 4 1 1 0 1 1020 2040 1020
i 1 1 1 0 1 765 1530 765
i 2 1 1 0 1 255 510 255
i 1 1 1 0 1 150 300 150
i 4 1 1 0 1 255 510 255
i 4 1 1 0 1 255 510 255
i 4 1 1 0 1 255 510 255
i 2 1 1 0 1 765 1530 765
i 4 1 1 0 1 255 510 255
i 3 1 1 0 1 510 1020 510
i 3 1 1 0 1 765 1530 765
i 4 1 1 0 1 510 1020 510
i 1 1 1 0 1 255 510 255
i 2 1 1 0 1 765 1530 765
i 4 1 1 0 1 510 1020 510
i 3 1 1 0 1 765 1530 765
i 4 1 1 0 1 510 1020 510
i 1 1 1 0 1 255 510 255
i 3 1 1 0 1 765 1530 765
i 3 1 1 0 1 765 1530 765
i 3 1 1 0 1 255 510 255
i 2 1 1 0 1 1530 3060 1530
i 2 1 1 0 1 1020 2040 1020
i 3 1 1 0 1 150 300 150
i 2 1 1 0 1 255 510 255
i 1 1 1 0 1 255 510 255
i 2 1 1 0 1 765 1530 765
i 3 1 1 0 1 765 1530 765
i 4 1 1 0 1 255 510 255
i 1 1 1 0 1 765 1530 765
i 2 1 1 0 1 765 1530 765
i 2 1 1 0 1 255 510 255
i 1 1 1 0 1 255 510 255
i 4 1 1 0 1 765 1530 765
i 1 1 1 0 1 765 1530 765
i 1 1 1 0 1 765 1530 765
i 3 1 1 0 1 150 300 150
i 2 1 1 0 1 255 510 255
i 2 1 1 0 1 255 510 255
i 2 1 1 0 1 765 1530 765
i 1 1 1 0 1 255 510 255
i 3 1 1 0 1 255 510 255
k 13000 1.6
k 13000 1.6
k 13000 1.6
k 36000 3
k 36000 3
k 36000 3
k 36000 3
k 36000 3
