p 6 283 8 1 2 10000 63
i 0 1 1 0 1 425 425 425
i 0 1 1 0 1 1275 1275 1275
i 0 1 1 0 1 425 425 425
i 0 1 1 0 1 425 425 425
i 0 1 1 0 1 425 425 425
i 0 1 1 0 1 1275 1275 1275
i 0 1 1 0 1 1275 1275 1275
i 0 1 1 0 1 990 990 990
i 0 1 1 0 1 425 425 425
i 0 1 1 0 1 250 250 250
i 0 1 1 0 1 250 250 250
i 0 1 1 0 1 425 425 425
i 0 1 1 0 1 250 250 250
i 0 1 1 0 1 850 850 850
i 0 1 1 0 1 330 330 330
i 0 1 1 0 1 425 425 425
i 0 1 1 0 1 425 425 425
i 0 1 1 0 1 425 425 425
i 0 1 1 0 1 1275 1275 1275
i 0 1 1 0 1 425 425 425
i 0 1 1 0 1 425 425 425
i 0 1 1 0 1 425 425 425
i 0 1 1 0 1 2125 2125 2125
i 0 1 1 0 1 425 425 425
i 0 1 1 0 1 425 425 425
i 0 1 1 0 1 1275 1275 1275
i 0 1 1 0 1 495 495 495
i 0 1 1 0 1 1275 1275 1275
i 0 1 1 0 1 425 425 425
i 0 1 1 0 1 910 910 910
i 0 1 1 0 1 1275 1275 1275
i 0 1 1 0 1 1275 1275 1275
i 0 1 1 0 1 1275 1275 1275
i 0 1 1 0 1 250 250 250
i 0 1 1 0 1 1275 1275 1275
i 0 1 1 0 1 425 425 425
i 0 1 1 0 1 425 425 425
i 0 1 1 0 1 2125 2125 2125
i 0 1 1 0 1 915 915 915
i 0 1 1 0 1 425 425 425
i 0 1 1 0 1 850 850 850
i 0 1 1 0 1 425 425 425
i 0 1 1 0 1 425 425 425
i 0 1 1 0 1 425 425 425
i 0 1 1 0 1 1275 1275 1275
i 0 1 1 0 1 425 425 425
i 0 1 1 0 1 425 425 425
i 0 1 1 0 1 330 330 330
i 0 1 1 0 1 425 425 425
i 0 1 1 0 1 425 425 425
i 0 1 1 0 1 1275 1275 1275
i 0 1 1 0 1 425 425 425
i 0 1 1 0 1 425 425 425
i 0 1 1 0 1 425 425 425
i 0 1 1 0 1 425 425 425
i 0 1 1 0 1 250 250 250
i 0 1 1 0 1 250 250 250
i 0 1 1 0 1 1700 1700 1700
i 0 1 1 0 1 425 425 425
i 0 1 1 0 1 250 250 250
i 0 1 1 0 1 425 425 425
i 0 1 1 0 1 2125 2125 2125
i 0 1 1 0 1 1275 1275 1275
i 0 1 1 0 1 425 425 425
i 0 1 1 0 1 425 425 425
i 0 1 1 0 1 425 425 425
i 0 1 1 0 1 425 425 425
i 0 1 1 0 1 1275 1275 1275
i 0 1 1 0 1 850 850 850
i 0 1 1 0 1 1275 1275 1275
i 0 1 1 0 1 425 425 425
i 0 1 1 0 1 425 425 425
i 0 1 1 0 1 165 165 165
i 0 1 1 0 1 1275 1275 1275
i 0 1 1 0 1 1275 1275 1275
i 0 1 1 0 1 500 500 500
i 0 1 1 0 1 425 425 425
i 0 1 1 0 1 425 425 425
i 0 1 1 0 1 425 425 425
i 0 1 1 0 1 425 425 425
i 0 1 1 0 1 425 425 425
i 0 1 1 0 1 495 495 495
i 0 1 1 0 1 425 425 425
i 0 1 1 0 1 425 425 425
i 0 1 1 0 1 425 425 425
i 0 1 1 0 1 1275 1275 1275
i 0 1 1 0 1 1275 1275 1275
i 0 1 1 0 1 425 425 425
i 0 1 1 0 1 425 425 425
i 0 1 1 0 1 1275 1275 1275
i 0 1 1 0 1 425 425 425
i 0 1 1 0 1 1275 1275 1275
i 0 1 1 0 1 250 250 250
i 0 1 1 0 1 425 425 425
i 0 1 1 0 1 425 425 425
i 0 1 1 0 1 1275 1275 1275
i 0 1 1 0 1 425 425 425
i 0 1 1 0 1 500 500 500
i 0 1 1 0 1 425 425 425
i 0 1 1 0 1 425 425 425
i 0 1 1 0 1 850 850 850
i 0 1 1 0 1 250 250 250
i 0 1 1 0 1 425 425 425
i 0 1 1 0 1 425 425 425
i 0 1 1 0 1 425 425 425
i 0 1 1 0 1 1275 1275 1275
i 0 1 1 0 1 580 1740 1077
i 0 1 1 0 1 425 425 425
i 0 1 1 0 1 1275 1275 1275
i 0 1 1 0 1 1275 1275 1275
i 0 1 1 0 1 425 425 425
i 0 1 1 0 1 425 425 425
i 0 1 1 0 1 850 850 850
i 0 1 1 0 1 250 250 250
i 0 1 1 0 1 165 165 165
i 0 1 1 0 1 425 425 425
i 0 1 1 0 1 250 250 250
i 0 1 1 0 1 850 850 850
i 0 1 1 0 1 425 425 425
i 0 1 1 0 1 425 425 425
i 0 1 1 0 1 250 250 250
i 0 1 1 0 1 850 850 850
i 0 1 1 0 1 250 250 250
i 0 1 1 0 1 250 250 250
i 0 1 1 0 1 1275 1275 1275
i 0 1 1 0 1 425 425 425
i 0 1 1 0 1 1275 1275 1275
i 0 1 1 0 1 425 425 425
i 0 1 1 0 1 1275 1275 1275
i 1 1 1 0 1 425 850 720
i 1 1 1 0 1 425 850 555
i 2 1 1 0 1 425 850 745
i 2 1 1 0 1 425 850 765
i 1 1 1 0 1 425 850 437
i 2 1 1 0 1 425 850 425
i 2 1 1 0 1 425 850 425
i 2 1 1 0 1 1275 2550 1726
i 2 1 1 0 1 1275 2550 1275
i 1 1 1 0 1 425 850 425
i 2 1 1 0 1 425 850 425
i 1 1 1 0 1 425 850 478
i 1 1 1 0 1 990 1980 990
i 2 1 1 0 1 425 850 425
i 4 1 1 0 1 580 1160 962
i 1 1 1 0 1 425 850 732
i 3 1 1 0 1 1275 2550 1275
i 3 1 1 0 1 250 500 250
i 1 1 1 0 1 1275 2550 1275
i 1 1 1 0 1 1275 2550 1275
i 4 1 1 0 1 1275 2550 1275
i 2 1 1 0 1 500 1000 500
i 2 1 1 0 1 1275 2550 1275
i 4 1 1 0 1 1275 2550 1275
i 1 1 1 0 1 425 850 823
i 1 1 1 0 1 425 850 425
i 2 1 1 0 1 250 500 322
i 4 1 1 0 1 250 500 250
i 3 1 1 0 1 1275 2550 1275
i 4 1 1 0 1 1700 3400 2330
i 4 1 1 0 1 425 850 425
i 3 1 1 0 1 425 850 425
i 2 1 1 0 1 425 850 425
i 1 1 1 0 1 850 1700 895
i 2 1 1 0 1 425 850 425
i 2 1 1 0 1 425 850 425
i 3 1 1 0 1 425 850 425
i 1 1 1 0 1 1275 2550 1275
i 3 1 1 0 1 500 1000 870
i 2 1 1 0 1 1275 2550 1815
i 2 1 1 0 1 580 1160 940
i 2 1 1 0 1 425 850 425
i 2 1 1 0 1 1275 2550 1275
i 2 1 1 0 1 425 850 425
i 2 1 1 0 1 425 850 425
i 1 1 1 0 1 495 990 495
i 2 1 1 0 1 165 330 165
i 1 1 1 0 1 1275 2550 2450
i 4 1 1 0 1 1275 2550 1275
i 1 1 1 0 1 1275 2550 1449
i 1 1 1 0 1 425 850 425
i 4 1 1 0 1 2550 5100 2550
i 2 1 1 0 1 425 850 425
i 4 1 1 0 1 250 500 250
i 2 1 1 0 1 425 850 621
i 2 1 1 0 1 250 500 260
i 1 1 1 0 1 425 850 425
i 1 1 1 0 1 425 850 425
i 4 1 1 0 1 1275 2550 2511
i 1 1 1 0 1 425 850 821
i 3 1 1 0 1 425 850 568
i 2 1 1 0 1 425 850 425
i 4 1 1 0 1 425 850 425
i 4 1 1 0 1 850 1700 850
i 2 1 1 0 1 1250 2500 1250
i 3 1 1 0 1 1275 2550 2402
i 3 1 1 0 1 1275 2550 1275
i 3 1 1 0 1 425 850 425
i 4 1 1 0 1 1275 2550 2510
i 2 1 1 0 1 1275 2550 1275
i 1 1 1 0 1 910 1820 910
i 1 1 1 0 1 425 850 425
i 2 1 1 0 1 425 850 425
i 1 1 1 0 1 425 850 425
i 4 1 1 0 1 425 850 447
i 1 1 1 0 1 1275 2550 1275
i 3 1 1 0 1 425 850 675
i 1 1 1 0 1 1275 2550 1357
i 4 1 1 0 1 1275 2550 1275
i 2 1 1 0 1 250 500 425
i 4 1 1 0 1 1275 2550 2482
i 2 1 1 0 1 425 850 425
i 2 1 1 0 1 1275 2550 1275
i 4 1 1 0 1 425 850 494
i 1 1 1 0 1 250 500 250
i 3 1 1 0 1 1275 2550 1275
i 1 1 1 0 1 250 500 250
i 3 1 1 0 1 250 500 325
i 3 1 1 0 1 1275 2550 2016
i 3 1 1 0 1 2125 4250 2125
i 4 1 1 0 1 425 850 425
i 3 1 1 0 1 1275 2550 1275
i 1 1 1 0 1 425 850 425
i 2 1 1 0 1 425 850 425
i 3 1 1 0 1 495 990 495
i 4 1 1 0 1 500 1000 877
i 1 1 1 0 1 425 850 425
i 1 1 1 0 1 1275 2550 1275
i 1 1 1 0 1 250 500 255
i 1 1 1 0 1 580 1160 580
i 4 1 1 0 1 250 500 340
i 4 1 1 0 1 425 850 425
i 1 1 1 0 1 425 850 425
i 4 1 1 0 1 500 1000 500
i 2 1 1 0 1 425 850 479
i 3 1 1 0 1 250 500 250
i 1 1 1 0 1 1275 2550 2535
i 2 1 1 0 1 1275 2550 1275
i 3 1 1 0 1 1275 2550 1398
i 4 1 1 0 1 425 850 425
i 2 1 1 0 1 425 850 806
i 4 1 1 0 1 425 850 425
i 4 1 1 0 1 425 850 425
i 3 1 1 0 1 250 500 424
i 2 1 1 0 1 425 850 713
i 2 1 1 0 1 1275 2550 1275
i 2 1 1 0 1 425 850 780
i 2 1 1 0 1 425 850 425
i 3 1 1 0 1 425 850 425
i 4 1 1 0 1 425 850 491
i 1 1 1 0 1 425 850 640
i 3 1 1 0 1 660 1320 1213
i 1 1 1 0 1 250 500 250
i 4 1 1 0 1 850 1700 850
i 4 1 1 0 1 1275 2550 1275
i 3 1 1 0 1 425 850 496
i 4 1 1 0 1 425 850 425
i 1 1 1 0 1 425 850 490
i 2 1 1 0 1 850 1700 850
i 2 1 1 0 1 425 850 425
i 2 1 1 0 1 1275 2550 1275
i 3 1 1 0 1 1275 2550 1818
i 3 1 1 0 1 250 500 250
i 2 1 1 0 1 425 850 645
i 1 1 1 0 1 1275 2550 2054
i 3 1 1 0 1 425 850 555
i 3 1 1 0 1 425 850 425
i 2 1 1 0 1 330 660 607
i 3 1 1 0 1 425 850 425
i 3 1 1 0 1 425 850 425
i 1 1 1 0 1 425 850 694
i 1 1 1 0 1 425 850 425
i 4 1 1 0 1 1275 2550 1352
i 3 1 1 0 1 1275 2550 2051
i 1 1 1 0 1 250 500 416
i 2 1 1 0 1 1275 2550 1275
i 3 1 1 0 1 425 850 425
i 1 1 1 0 1 425 850 700
i 2 1 1 0 1 425 850 425
i 3 1 1 0 1 850 1700 850
i 3 1 1 0 1 1275 2550 1275
i 1 1 1 0 1 660 1320 660
i 4 1 1 0 1 1275 2550 2046
i 4 1 1 0 1 425 850 425
k 13000 1.6
k 13000 1.6
k 13000 1.6
k 36000 3
k 36000 3
k 36000 3
k 36000 3
k 36000 3
