p 6 283 8 1 2 10000 63
i 0 1 1 0 1 425 425 425
i 0 1 1 0 1 1275 1275 1275
i 0 1 1 0 1 425 425 425
i 0 1 1 0 1 425 425 425
i 0 1 1 0 1 425 425 425
i 0 1 1 0 1 1275 1275 1275
i 0 1 1 0 1 1275 1275 1275
i 0 1 1 0 1 990 990 990
i 0 1 1 0 1 425 425 425
i 0 1 1 0 1 250 250 250
i 0 1 1 0 1 250 250 250
i 0 1 1 0 1 425 425 425
i 0 1 1 0 1 250 250 250
i 0 1 1 0 1 850 850 850
i 0 1 1 0 1 330 330 330
i 0 1 1 0 1 425 425 425
i 0 1 1 0 1 425 425 425
i 0 1 1 0 1 425 425 425
i 0 1 1 0 1 1275 1275 1275
i 0 1 1 0 1 425 425 425
i 0 1 1 0 1 425 425 425
i 0 1 1 0 1 425 425 425
i 0 1 1 0 1 2125 2125 2125
i 0 1 1 0 1 425 425 425
i 0 1 1 0 1 425 425 425
i 0 1 1 0 1 1275 1275 1275
i 0 1 1 0 1 495 495 495
i 0 1 1 0 1 1275 1275 1275
i 0 1 1 0 1 425 425 425
i 0 1 1 0 1 910 910 910
i 0 1 1 0 1 1275 1275 1275
i 0 1 1 0 1 1275 1275 1275
i 0 1 1 0 1 1275 1275 1275
i 0 1 1 0 1 250 250 250
i 0 1 1 0 1 1275 1275 1275
i 0 1 1 0 1 425 425 425
i 0 1 1 0 1 425 425 425
i 0 1 1 0 1 2125 2125 2125
i 0 1 1 0 1 915 915 915
i 0 1 1 0 1 425 425 425
i 0 1 1 0 1 850 850 850
i 0 1 1 0 1 425 425 425
i 0 1 1 0 1 425 425 425
i 0 1 1 0 1 425 425 425
i 0 1 1 0 1 1275 1275 1275
i 0 1 1 0 1 425 425 425
i 0 1 1 0 1 425 425 425
i 0 1 1 0 1 330 330 330
i 0 1 1 0 1 425 425 425
i 0 1 1 0 1 425 425 425
i 0 1 1 0 1 1275 1275 1275
i 0 1 1 0 1 425 425 425
i 0 1 1 0 1 425 425 425
i 0 1 1 0 1 425 425 425
i 0 1 1 0 1 425 425 425
i 0 1 1 0 1 250 250 250
i 0 1 1 0 1 250 250 250
i 0 1 1 0 1 1700 1700 1700
i 0 1 1 0 1 425 425 425
i 0 1 1 0 1 250 250 250
i 0 1 1 0 1 425 425 425
i 0 1 1 0 1 2125 2125 2125
i 0 1 1 0 1 1275 1275 1275
i 0 1 1 0 1 425 425 425
i 0 1 1 0 1 425 425 425
i 0 1 1 0 1 425 425 425
i 0 1 1 0 1 425 425 425
i 0 1 1 0 1 1275 1275 1275
i 0 1 1 0 1 850 850 850
i 0 1 1 0 1 1275 1275 1275
i 0 1 1 0 1 425 425 425
i 0 1 1 0 1 425 425 425
i 0 1 1 0 1 165 165 165
i 0 1 1 0 1 1275 1275 1275
i 0 1 1 0 1 1275 1275 1275
i 0 1 1 0 1 500 500 500
i 0 1 1 0 1 425 425 425
i 0 1 1 0 1 425 425 425
i 0 1 1 0 1 425 425 425
i 0 1 1 0 1 425 425 425
i 0 1 1 0 1 425 425 425
i 0 1 1 0 1 495 495 495
i 0 1 1 0 1 425 425 425
i 0 1 1 0 1 425 425 425
i 0 1 1 0 1 425 425 425
i 0 1 1 0 1 1275 1275 1275
i 0 1 1 0 1 1275 1275 1275
i 0 1 1 0 1 425 425 425
i 0 1 1 0 1 425 425 425
i 0 1 1 0 1 1275 1275 1275
i 0 1 1 0 1 425 425 425
i 0 1 1 0 1 1275 1275 1275
i 0 1 1 0 1 250 250 250
i 0 1 1 0 1 425 425 425
i 0 1 1 0 1 425 425 425
i 0 1 1 0 1 1275 1275 1275
i 0 1 1 0 1 425 425 425
i 0 1 1 0 1 500 500 500
i 0 1 1 0 1 425 425 425
i 0 1 1 0 1 425 425 425
i 0 1 1 0 1 850 850 850
i 0 1 1 0 1 250 250 250
i 0 1 1 0 1 425 425 425
i 0 1 1 0 1 425 425 425
i 0 1 1 0 1 425 425 425
i 0 1 1 0 1 1275 1275 1275
i 0 1 1 0 1 580 1740 1077
i 0 1 1 0 1 425 425 425
i 0 1 1 0 1 1275 1275 1275
i 0 1 1 0 1 1275 1275 1275
i 0 1 1 0 1 425 425 425
i 0 1 1 0 1 425 425 425
i 0 1 1 0 1 850 850 850
i 0 1 1 0 1 250 250 250
i 0 1 1 0 1 165 165 165
i 0 1 1 0 1 425 425 425
i 0 1 1 0 1 250 250 250
i 0 1 1 0 1 850 850 850
i 0 1 1 0 1 425 425 425
i 0 1 1 0 1 425 425 425
i 0 1 1 0 1 250 250 250
i 0 1 1 0 1 850 850 850
i 0 1 1 0 1 250 250 250
i 0 1 1 0 1 250 250 250
i 0 1 1 0 1 1275 1275 1275
i 0 1 1 0 1 425 425 425
i 0 1 1 0 1 1275 1275 1275
i 0 1 1 0 1 425 425 425
i 0 1 1 0 1 1275 1275 1275
i 2 1 1 0 1 425 850 706
i 4 1 1 0 1 425 850 425
i 2 1 1 0 1 1275 2550 1747
i 2 1 1 0 1 1275 2550 1275
i 3 1 1 0 1 850 1700 850
i 3 1 1 0 1 1275 2550 1275
i 3 1 1 0 1 425 850 530
i 4 1 1 0 1 2550 5100 2550
i 4 1 1 0 1 425 850 425
i 4 1 1 0 1 1275 2550 1319
i 2 1 1 0 1 250 500 250
i 1 1 1 0 1 1275 2550 1275
i 1 1 1 0 1 425 850 708
i 2 1 1 0 1 425 850 484
i 1 1 1 0 1 425 850 434
i 3 1 1 0 1 425 850 466
i 2 1 1 0 1 425 850 425
i 2 1 1 0 1 1275 2550 1275
i 2 1 1 0 1 425 850 425
i 2 1 1 0 1 425 850 425
i 3 1 1 0 1 250 500 285
i 1 1 1 0 1 910 1820 1741
i 2 1 1 0 1 425 850 585
i 2 1 1 0 1 1275 2550 1275
i 4 1 1 0 1 425 850 779
i 4 1 1 0 1 425 850 813
i 4 1 1 0 1 425 850 818
i 4 1 1 0 1 425 850 602
i 2 1 1 0 1 1275 2550 1525
i 1 1 1 0 1 425 850 425
i 4 1 1 0 1 250 500 250
i 2 1 1 0 1 425 850 453
i 3 1 1 0 1 1275 2550 1811
i 2 1 1 0 1 500 1000 500
i 1 1 1 0 1 1275 2550 1886
i 3 1 1 0 1 425 850 425
i 4 1 1 0 1 425 850 544
i 4 1 1 0 1 1275 2550 1702
i 3 1 1 0 1 500 1000 588
i 1 1 1 0 1 1275 2550 1275
i 1 1 1 0 1 1275 2550 2242
i 2 1 1 0 1 425 850 535
i 4 1 1 0 1 1275 2550 1559
i 1 1 1 0 1 425 850 425
i 2 1 1 0 1 850 1700 850
i 2 1 1 0 1 1275 2550 1275
i 3 1 1 0 1 425 850 550
i 4 1 1 0 1 1275 2550 1275
i 1 1 1 0 1 1275 2550 1275
i 2 1 1 0 1 425 850 774
i 4 1 1 0 1 250 500 250
i 1 1 1 0 1 425 850 845
i 4 1 1 0 1 500 1000 819
i 2 1 1 0 1 425 850 425
i 2 1 1 0 1 1250 2500 1433
i 3 1 1 0 1 1275 2550 1275
i 2 1 1 0 1 425 850 426
i 4 1 1 0 1 425 850 788
i 4 1 1 0 1 850 1700 1459
i 1 1 1 0 1 850 1700 1173
i 3 1 1 0 1 1275 2550 2528
i 4 1 1 0 1 425 850 425
i 3 1 1 0 1 660 1320 660
i 3 1 1 0 1 425 850 799
i 2 1 1 0 1 425 850 772
i 1 1 1 0 1 495 990 959
i 1 1 1 0 1 425 850 425
i 4 1 1 0 1 425 850 425
i 2 1 1 0 1 1275 2550 1754
i 1 1 1 0 1 425 850 426
i 1 1 1 0 1 1275 2550 1718
i 1 1 1 0 1 425 850 617
i 2 1 1 0 1 425 850 806
i 2 1 1 0 1 1275 2550 1678
i 1 1 1 0 1 425 850 461
i 4 1 1 0 1 1275 2550 1445
i 1 1 1 0 1 580 1160 580
i 1 1 1 0 1 425 850 589
i 4 1 1 0 1 850 1700 850
i 1 1 1 0 1 660 1320 660
i 3 1 1 0 1 1275 2550 2138
i 1 1 1 0 1 425 850 699
i 1 1 1 0 1 990 1980 1835
i 1 1 1 0 1 250 500 316
i 2 1 1 0 1 425 850 425
i 3 1 1 0 1 425 850 425
i 3 1 1 0 1 2125 4250 3127
i 2 1 1 0 1 425 850 425
i 1 1 1 0 1 425 850 463
i 3 1 1 0 1 495 990 495
i 1 1 1 0 1 250 500 250
i 2 1 1 0 1 425 850 785
i 3 1 1 0 1 425 850 623
i 1 1 1 0 1 425 850 435
i 1 1 1 0 1 1275 2550 1275
i 2 1 1 0 1 250 500 250
i 4 1 1 0 1 1275 2550 1275
i 2 1 1 0 1 250 500 255
i 3 1 1 0 1 1275 2550 1275
i 4 1 1 0 1 1275 2550 1275
i 2 1 1 0 1 425 850 779
i 1 1 1 0 1 425 850 425
i 2 1 1 0 1 425 850 425
i 1 1 1 0 1 425 850 425
i 4 1 1 0 1 1275 2550 1366
i 2 1 1 0 1 330 660 506
i 1 1 1 0 1 425 850 425
i 1 1 1 0 1 425 850 425
i 4 1 1 0 1 1275 2550 1805
i 2 1 1 0 1 425 850 712
i 3 1 1 0 1 250 500 250
i 2 1 1 0 1 1275 2550 1967
i 4 1 1 0 1 425 850 425
i 1 1 1 0 1 425 850 425
i 3 1 1 0 1 425 850 425
i 2 1 1 0 1 1275 2550 1275
i 2 1 1 0 1 425 850 425
i 2 1 1 0 1 425 850 425
i 4 1 1 0 1 250 500 250
i 1 1 1 0 1 1275 2550 1275
i 3 1 1 0 1 250 500 250
i 4 1 1 0 1 425 850 425
i 3 1 1 0 1 1275 2550 1275
i 3 1 1 0 1 425 850 425
i 3 1 1 0 1 250 500 250
i 2 1 1 0 1 425 850 425
i 4 1 1 0 1 1275 2550 1275
i 4 1 1 0 1 1700 3400 1700
i 2 1 1 0 1 580 1160 580
i 2 1 1 0 1 1275 2550 1275
i 4 1 1 0 1 580 1160 580
i 2 1 1 0 1 425 850 425
i 1 1 1 0 1 250 500 250
i 1 1 1 0 1 425 850 425
i 3 1 1 0 1 425 850 425
i 2 1 1 0 1 425 850 425
i 3 1 1 0 1 1275 2550 1275
i 2 1 1 0 1 165 330 165
i 3 1 1 0 1 1275 2550 1275
i 2 1 1 0 1 425 850 425
i 1 1 1 0 1 425 850 425
i 3 1 1 0 1 1275 2550 1275
i 3 1 1 0 1 425 850 425
i 1 1 1 0 1 425 850 425
i 1 1 1 0 1 250 500 250
i 1 1 1 0 1 1275 2550 1275
i 2 1 1 0 1 425 850 425
i 3 1 1 0 1 250 500 250
i 3 1 1 0 1 425 850 425
i 3 1 1 0 1 1275 2550 1275
i 4 1 1 0 1 500 1000 500
i 1 1 1 0 1 250 500 250
i 1 1 1 0 1 1275 2550 1275
i 1 1 1 0 1 425 850 425
k 13000 1.6
k 13000 1.6
k 13000 1.6
k 36000 3
k 36000 3
k 36000 3
k 36000 3
k 36000 3
