p 6 283 8 1 2 10000 63
i 0 1 1 0 1 425 425 425
i 0 1 1 0 1 1275 1275 1275
i 0 1 1 0 1 425 425 425
i 0 1 1 0 1 425 425 425
i 0 1 1 0 1 425 425 425
i 0 1 1 0 1 1275 1275 1275
i 0 1 1 0 1 1275 1275 1275
i 0 1 1 0 1 990 990 990
i 0 1 1 0 1 425 425 425
i 0 1 1 0 1 250 250 250
i 0 1 1 0 1 250 250 250
i 0 1 1 0 1 425 425 425
i 0 1 1 0 1 250 250 250
i 0 1 1 0 1 850 850 850
i 0 1 1 0 1 330 330 330
i 0 1 1 0 1 425 425 425
i 0 1 1 0 1 425 425 425
i 0 1 1 0 1 425 425 425
i 0 1 1 0 1 1275 1275 1275
i 0 1 1 0 1 425 425 425
i 0 1 1 0 1 425 425 425
i 0 1 1 0 1 425 425 425
i 0 1 1 0 1 2125 2125 2125
i 0 1 1 0 1 425 425 425
i 0 1 1 0 1 425 425 425
i 0 1 1 0 1 1275 1275 1275
i 0 1 1 0 1 495 495 495
i 0 1 1 0 1 1275 1275 1275
i 0 1 1 0 1 425 425 425
i 0 1 1 0 1 910 910 910
i 0 1 1 0 1 1275 1275 1275
i 0 1 1 0 1 1275 1275 1275
i 0 1 1 0 1 1275 1275 1275
i 0 1 1 0 1 250 250 250
i 0 1 1 0 1 1275 1275 1275
i 0 1 1 0 1 425 425 425
i 0 1 1 0 1 425 425 425
i 0 1 1 0 1 2125 2125 2125
i 0 1 1 0 1 915 915 915
i 0 1 1 0 1 425 425 425
i 0 1 1 0 1 850 850 850
i 0 1 1 0 1 425 425 425
i 0 1 1 0 1 425 425 425
i 0 1 1 0 1 425 425 425
i 0 1 1 0 1 1275 1275 1275
i 0 1 1 0 1 425 425 425
i 0 1 1 0 1 425 425 425
i 0 1 1 0 1 330 330 330
i 0 1 1 0 1 425 425 425
i 0 1 1 0 1 425 425 425
i 0 1 1 0 1 1275 1275 1275
i 0 1 1 0 1 425 425 425
i 0 1 1 0 1 425 425 425
i 0 1 1 0 1 425 425 425
i 0 1 1 0 1 425 425 425
i 0 1 1 0 1 250 250 250
i 0 1 1 0 1 250 250 250
i 0 1 1 0 1 1700 1700 1700
i 0 1 1 0 1 425 425 425
i 0 1 1 0 1 250 250 250
i 0 1 1 0 1 425 425 425
i 0 1 1 0 1 2125 2125 2125
i 0 1 1 0 1 1275 1275 1275
i 0 1 1 0 1 425 425 425
i 0 1 1 0 1 425 425 425
i 0 1 1 0 1 425 425 425
i 0 1 1 0 1 425 425 425
i 0 1 1 0 1 1275 1275 1275
i 0 1 1 0 1 850 850 850
i 0 1 1 0 1 1275 1275 1275
i 0 1 1 0 1 425 425 425
i 0 1 1 0 1 425 425 425
i 0 1 1 0 1 165 165 165
i 0 1 1 0 1 1275 1275 1275
i 0 1 1 0 1 1275 1275 1275
i 0 1 1 0 1 500 500 500
i 0 1 1 0 1 425 425 425
i 0 1 1 0 1 425 425 425
i 0 1 1 0 1 425 425 425
i 0 1 1 0 1 425 425 425
i 0 1 1 0 1 425 425 425
i 0 1 1 0 1 495 495 495
i 0 1 1 0 1 425 425 425
i 0 1 1 0 1 425 425 425
i 0 1 1 0 1 425 425 425
i 0 1 1 0 1 1275 1275 1275
i 0 1 1 0 1 1275 1275 1275
i 0 1 1 0 1 425 425 425
i 0 1 1 0 1 425 425 425
i 0 1 1 0 1 1275 1275 1275
i 0 1 1 0 1 425 425 425
i 0 1 1 0 1 1275 1275 1275
i 0 1 1 0 1 250 250 250
i 0 1 1 0 1 425 425 425
i 0 1 1 0 1 425 425 425
i 0 1 1 0 1 1275 1275 1275
i 0 1 1 0 1 425 425 425
i 0 1 1 0 1 500 500 500
i 0 1 1 0 1 425 425 425
i 0 1 1 0 1 425 425 425
i 0 1 1 0 1 850 850 850
i 0 1 1 0 1 250 250 250
i 0 1 1 0 1 425 425 425
i 0 1 1 0 1 425 425 425
i 0 1 1 0 1 425 425 425
i 0 1 1 0 1 1275 1275 1275
i 0 1 1 0 1 580 1740 1077
i 0 1 1 0 1 425 425 425
i 0 1 1 0 1 1275 1275 1275
i 0 1 1 0 1 1275 1275 1275
i 0 1 1 0 1 425 425 425
i 0 1 1 0 1 425 425 425
i 0 1 1 0 1 850 850 850
i 0 1 1 0 1 250 250 250
i 0 1 1 0 1 165 165 165
i 0 1 1 0 1 425 425 425
i 0 1 1 0 1 250 250 250
i 0 1 1 0 1 850 850 850
i 0 1 1 0 1 425 425 425
i 0 1 1 0 1 425 425 425
i 0 1 1 0 1 250 250 250
i 0 1 1 0 1 850 850 850
i 0 1 1 0 1 250 250 250
i 0 1 1 0 1 250 250 250
i 0 1 1 0 1 1275 1275 1275
i 0 1 1 0 1 425 425 425
i 0 1 1 0 1 1275 1275 1275
i 0 1 1 0 1 425 425 425
i 0 1 1 0 1 1275 1275 1275
i 1 1 1 0 1 250 500 250
i 2 1 1 0 1 425 850 425
i 4 1 1 0 1 1275 2550 1275
i 2 1 1 0 1 425 850 784
i 1 1 1 0 1 425 850 697
i 2 1 1 0 1 425 850 425
i 1 1 1 0 1 425 850 650
i 1 1 1 0 1 1275 2550 1650
i 4 1 1 0 1 580 1160 1033
i 3 1 1 0 1 425 850 790
i 2 1 1 0 1 425 850 425
i 1 1 1 0 1 1275 2550 2247
i 4 1 1 0 1 425 850 425
i 4 1 1 0 1 1275 2550 1275
i 2 1 1 0 1 580 1160 580
i 3 1 1 0 1 1275 2550 2038
i 4 1 1 0 1 1275 2550 1275
i 3 1 1 0 1 425 850 581
i 2 1 1 0 1 425 850 425
i 4 1 1 0 1 2550 5100 2550
i 3 1 1 0 1 1275 2550 1275
i 3 1 1 0 1 250 500 250
i 2 1 1 0 1 1275 2550 1275
i 4 1 1 0 1 250 500 250
i 3 1 1 0 1 425 850 793
i 4 1 1 0 1 1275 2550 1275
i 2 1 1 0 1 425 850 425
i 1 1 1 0 1 425 850 630
i 2 1 1 0 1 250 500 250
i 1 1 1 0 1 1275 2550 1557
i 3 1 1 0 1 495 990 650
i 1 1 1 0 1 425 850 684
i 2 1 1 0 1 425 850 425
i 3 1 1 0 1 1275 2550 1275
i 2 1 1 0 1 425 850 425
i 3 1 1 0 1 1275 2550 1357
i 4 1 1 0 1 425 850 425
i 1 1 1 0 1 660 1320 660
i 4 1 1 0 1 850 1700 1400
i 4 1 1 0 1 1700 3400 2161
i 2 1 1 0 1 1275 2550 1898
i 2 1 1 0 1 425 850 425
i 1 1 1 0 1 1275 2550 1275
i 2 1 1 0 1 425 850 717
i 3 1 1 0 1 425 850 613
i 4 1 1 0 1 425 850 639
i 1 1 1 0 1 425 850 425
i 2 1 1 0 1 425 850 425
i 4 1 1 0 1 1275 2550 2218
i 2 1 1 0 1 1275 2550 1275
i 1 1 1 0 1 425 850 425
i 2 1 1 0 1 1275 2550 1626
i 1 1 1 0 1 425 850 556
i 4 1 1 0 1 1275 2550 1584
i 2 1 1 0 1 500 1000 500
i 1 1 1 0 1 425 850 425
i 4 1 1 0 1 1275 2550 1275
i 3 1 1 0 1 425 850 690
i 1 1 1 0 1 250 500 354
i 1 1 1 0 1 1275 2550 2056
i 4 1 1 0 1 1275 2550 1819
i 4 1 1 0 1 425 850 751
i 2 1 1 0 1 850 1700 1024
i 2 1 1 0 1 425 850 425
i 2 1 1 0 1 250 500 471
i 1 1 1 0 1 1275 2550 1275
i 1 1 1 0 1 1275 2550 1275
i 2 1 1 0 1 425 850 800
i 2 1 1 0 1 425 850 425
i 1 1 1 0 1 1275 2550 1275
i 3 1 1 0 1 1275 2550 1275
i 3 1 1 0 1 250 500 250
i 2 1 1 0 1 1275 2550 1397
i 1 1 1 0 1 425 850 425
i 2 1 1 0 1 1275 2550 2521
i 2 1 1 0 1 425 850 433
i 2 1 1 0 1 165 330 236
i 4 1 1 0 1 425 850 723
i 2 1 1 0 1 425 850 425
i 3 1 1 0 1 1275 2550 1461
i 3 1 1 0 1 1275 2550 1275
i 3 1 1 0 1 660 1320 660
i 2 1 1 0 1 250 500 250
i 2 1 1 0 1 425 850 606
i 2 1 1 0 1 1275 2550 1460
i 3 1 1 0 1 425 850 766
i 4 1 1 0 1 425 850 528
i 3 1 1 0 1 425 850 425
i 3 1 1 0 1 1275 2550 1275
i 2 1 1 0 1 1275 2550 1275
i 1 1 1 0 1 495 990 495
i 4 1 1 0 1 425 850 425
i 1 1 1 0 1 425 850 425
i 2 1 1 0 1 1275 2550 1509
i 2 1 1 0 1 425 850 494
i 1 1 1 0 1 425 850 425
i 4 1 1 0 1 250 500 456
i 4 1 1 0 1 500 1000 500
i 3 1 1 0 1 1275 2550 1275
i 1 1 1 0 1 250 500 444
i 4 1 1 0 1 425 850 425
i 1 1 1 0 1 425 850 760
i 2 1 1 0 1 425 850 704
i 2 1 1 0 1 425 850 600
i 1 1 1 0 1 425 850 573
i 1 1 1 0 1 425 850 425
i 4 1 1 0 1 250 500 487
i 2 1 1 0 1 425 850 425
i 1 1 1 0 1 425 850 425
i 1 1 1 0 1 425 850 426
i 4 1 1 0 1 1275 2550 2038
i 2 1 1 0 1 425 850 799
i 2 1 1 0 1 425 850 425
i 3 1 1 0 1 1275 2550 2214
i 3 1 1 0 1 1275 2550 1275
i 3 1 1 0 1 2125 4250 3720
i 3 1 1 0 1 250 500 424
i 1 1 1 0 1 250 500 256
i 1 1 1 0 1 580 1160 943
i 3 1 1 0 1 250 500 250
i 3 1 1 0 1 250 500 306
i 3 1 1 0 1 425 850 425
i 3 1 1 0 1 500 1000 737
i 3 1 1 0 1 425 850 425
i 4 1 1 0 1 425 850 425
i 1 1 1 0 1 425 850 810
i 1 1 1 0 1 250 500 250
i 3 1 1 0 1 425 850 425
i 1 1 1 0 1 425 850 425
i 2 1 1 0 1 425 850 425
i 2 1 1 0 1 1250 2500 1250
i 1 1 1 0 1 990 1980 990
i 1 1 1 0 1 1275 2550 1275
i 4 1 1 0 1 425 850 425
i 4 1 1 0 1 1275 2550 1275
i 2 1 1 0 1 425 850 425
i 3 1 1 0 1 850 1700 850
i 2 1 1 0 1 1275 2550 1275
i 4 1 1 0 1 425 850 425
i 1 1 1 0 1 1275 2550 1275
i 4 1 1 0 1 425 850 425
i 3 1 1 0 1 425 850 425
i 2 1 1 0 1 1275 2550 1275
i 4 1 1 0 1 500 1000 500
i 1 1 1 0 1 910 1820 910
i 1 1 1 0 1 425 850 425
i 3 1 1 0 1 425 850 425
i 2 1 1 0 1 330 660 330
i 1 1 1 0 1 425 850 425
i 2 1 1 0 1 425 850 425
i 1 1 1 0 1 425 850 425
i 1 1 1 0 1 425 850 425
i 1 1 1 0 1 850 1700 850
i 4 1 1 0 1 850 1700 850
k 13000 1.6
k 13000 1.6
k 13000 1.6
k 36000 3
k 36000 3
k 36000 3
k 36000 3
k 36000 3
