p 6 228 8 1 2 10000 81
i 0 1 1 0 1 255 255 255
i 0 1 1 0 1 255 255 255
i 0 1 1 0 1 255 255 255
i 0 1 1 0 1 255 255 255
i 0 1 1 0 1 255 255 255
i 0 1 1 0 1 765 765 765
i 3 1 1 0 1 150 300 181
i 3 1 1 0 1 510 1020 510
i 1 1 1 0 1 765 1530 1428
i 2 1 1 0 1 255 510 503
i 2 1 1 0 1 1530 3060 1533
i 3 1 1 0 1 510 1020 510
i 4 1 1 0 1 765 1530 765
i 2 1 1 0 1 255 510 509
i 1 1 1 0 1 510 1020 510
i 4 1 1 0 1 255 510 322
i 2 1 1 0 1 510 1020 510
i 3 1 1 0 1 255 510 255
i 4 1 1 0 1 150 300 265
i 2 1 1 0 1 255 510 392
i 1 1 1 0 1 765 1530 952
i 3 1 1 0 1 765 1530 765
i 4 1 1 0 1 255 510 475
i 4 1 1 0 1 255 510 291
i 2 1 1 0 1 255 510 255
i 3 1 1 0 1 765 1530 1337
i 2 1 1 0 1 150 300 237
i 1 1 1 0 1 765 1530 927
i 4 1 1 0 1 150 300 284
i 2 1 1 0 1 510 1020 851
i 2 1 1 0 1 255 510 505
i 3 1 1 0 1 765 1530 960
i 3 1 1 0 1 150 300 150
i 2 1 1 0 1 255 510 255
i 1 1 1 0 1 255 510 255
i 1 1 1 0 1 150 300 165
i 4 1 1 0 1 255 510 255
i 2 1 1 0 1 255 510 262
i 3 1 1 0 1 765 1530 765
i 3 1 1 0 1 765 1530 1456
i 1 1 1 0 1 765 1530 765
i 1 1 1 0 1 255 510 255
i 2 1 1 0 1 99 198 176
i 4 1 1 0 1 510 1020 781
i 2 1 1 0 1 510 1020 510
i 1 1 1 0 1 255 510 255
i 1 1 1 0 1 765 1530 1060
i 4 1 1 0 1 255 510 255
i 4 1 1 0 1 255 510 255
i 4 1 1 0 1 765 1530 765
i 1 1 1 0 1 765 1530 1480
i 3 1 1 0 1 255 510 255
i 3 1 1 0 1 255 510 456
i 2 1 1 0 1 255 510 255
i 2 1 1 0 1 765 1530 765
i 2 1 1 0 1 765 1530 765
i 4 1 1 0 1 255 510 422
i 3 1 1 0 1 510 1020 1003
i 4 1 1 0 1 255 510 256
i 2 1 1 0 1 255 510 255
i 4 1 1 0 1 255 510 255
i 2 1 1 0 1 1020 2040 1425
i 2 1 1 0 1 255 510 255
i 4 1 1 0 1 510 1020 813
i 1 1 1 0 1 255 510 255
i 1 1 1 0 1 255 510 335
i 2 1 1 0 1 765 1530 765
i 1 1 1 0 1 150 300 289
i 3 1 1 0 1 255 510 255
i 4 1 1 0 1 510 1020 510
i 4 1 1 0 1 510 1020 1010
i 2 1 1 0 1 255 510 266
i 2 1 1 0 1 765 1530 765
i 3 1 1 0 1 255 510 255
i 3 1 1 0 1 510 1020 510
i 2 1 1 0 1 255 510 505
i 3 1 1 0 1 255 510 451
i 1 1 1 0 1 255 510 255
i 2 1 1 0 1 255 510 507
i 2 1 1 0 1 765 1530 765
i 4 1 1 0 1 765 1530 765
i 2 1 1 0 1 255 510 255
i 3 1 1 0 1 765 1530 1327
i 3 1 1 0 1 99 198 99
i 3 1 1 0 1 255 510 386
i 3 1 1 0 1 765 1530 765
i 1 1 1 0 1 765 1530 765
i 4 1 1 0 1 150 300 182
i 3 1 1 0 1 510 1020 510
i 1 1 1 0 1 255 510 255
i 1 1 1 0 1 255 510 391
i 3 1 1 0 1 765 1530 1467
i 4 1 1 0 1 255 510 255
i 3 1 1 0 1 255 510 385
i 1 1 1 0 1 255 510 402
i 4 1 1 0 1 1020 2040 1020
i 2 1 1 0 1 510 1020 990
i 4 1 1 0 1 765 1530 806
i 1 1 1 0 1 150 300 287
i 2 1 1 0 1 1020 2040 1745
i 4 1 1 0 1 765 1530 1084
i 2 1 1 0 1 765 1530 1405
i 3 1 1 0 1 150 300 150
i 2 1 1 0 1 765 1530 765
i 2 1 1 0 1 510 1020 717
i 3 1 1 0 1 510 1020 559
i 1 1 1 0 1 255 510 255
i 2 1 1 0 1 150 300 150
i 3 1 1 0 1 255 510 255
i 4 1 1 0 1 765 1530 912
i 2 1 1 0 1 765 1530 780
i 2 1 1 0 1 255 510 475
i 2 1 1 0 1 255 510 255
i 2 1 1 0 1 255 510 255
i 3 1 1 0 1 1020 2040 1020
i 2 1 1 0 1 255 510 255
i 3 1 1 0 1 765 1530 765
i 1 1 1 0 1 150 300 150
i 1 1 1 0 1 765 1530 765
i 4 1 1 0 1 150 300 150
i 1 1 1 0 1 510 1020 566
i 4 1 1 0 1 255 510 387
i 2 1 1 0 1 255 510 255
i 1 1 1 0 1 99 198 99
i 4 1 1 0 1 765 1530 765
i 4 1 1 0 1 765 1530 1129
i 1 1 1 0 1 255 510 294
i 4 1 1 0 1 255 510 255
i 3 1 1 0 1 255 510 255
i 1 1 1 0 1 255 510 394
i 1 1 1 0 1 150 300 218
i 3 1 1 0 1 255 510 255
i 4 1 1 0 1 255 510 255
i 3 1 1 0 1 255 510 311
i 3 1 1 0 1 255 510 255
i 3 1 1 0 1 510 1020 510
i 1 1 1 0 1 150 300 274
i 4 1 1 0 1 510 1020 782
i 2 1 1 0 1 765 1530 1340
i 4 1 1 0 1 255 510 255
i 3 1 1 0 1 765 1530 882
i 2 1 1 0 1 765 1530 1427
i 4 1 1 0 1 255 510 461
i 1 1 1 0 1 255 510 388
i 2 1 1 0 1 765 1530 1266
i 2 1 1 0 1 300 600 300
i 1 1 1 0 1 255 510 369
i 1 1 1 0 1 255 510 294
i 3 1 1 0 1 765 1530 765
i 3 1 1 0 1 150 300 269
i 1 1 1 0 1 255 510 255
i 2 1 1 0 1 255 510 255
i 1 1 1 0 1 255 510 490
i 3 1 1 0 1 255 510 445
i 3 1 1 0 1 765 1530 972
i 1 1 1 0 1 255 510 255
i 4 1 1 0 1 510 1020 588
i 4 1 1 0 1 765 1530 1087
i 3 1 1 0 1 255 510 439
i 2 1 1 0 1 255 510 255
i 2 1 1 0 1 765 1530 1218
i 3 1 1 0 1 765 1530 765
i 2 1 1 0 1 765 1530 765
i 1 1 1 0 1 150 300 150
i 2 1 1 0 1 255 510 255
i 3 1 1 0 1 510 1020 510
i 1 1 1 0 1 765 1530 765
i 2 1 1 0 1 255 510 255
i 3 1 1 0 1 255 510 255
i 3 1 1 0 1 1020 2040 1020
i 1 1 1 0 1 255 510 255
i 1 1 1 0 1 765 1530 765
i 4 1 1 0 1 150 300 150
i 1 1 1 0 1 765 1530 765
i 1 1 1 0 1 255 510 255
i 2 1 1 0 1 765 1530 765
i 3 1 1 0 1 765 1530 765
i 1 1 1 0 1 255 510 255
i 2 1 1 0 1 255 510 255
i 2 1 1 0 1 765 1530 765
i 3 1 1 0 1 765 1530 765
i 3 1 1 0 1 150 300 150
i 3 1 1 0 1 765 1530 765
i 3 1 1 0 1 150 300 150
i 3 1 1 0 1 510 1020 510
i 1 1 1 0 1 255 510 255
i 4 1 1 0 1 255 510 255
i 4 1 1 0 1 255 510 255
i 4 1 1 0 1 255 510 255
i 3 1 1 0 1 765 1530 765
i 3 1 1 0 1 765 1530 765
i 4 1 1 0 1 255 510 255
i 3 1 1 0 1 150 300 150
i 3 1 1 0 1 255 510 255
i 4 1 1 0 1 150 300 150
i 2 1 1 0 1 765 1530 765
i 1 1 1 0 1 765 1530 765
i 4 1 1 0 1 255 510 255
i 3 1 1 0 1 765 1530 765
i 1 1 1 0 1 765 1530 765
i 4 1 1 0 1 510 1020 510
i 3 1 1 0 1 765 1530 765
i 2 1 1 0 1 255 510 255
i 3 1 1 0 1 765 1530 765
i 1 1 1 0 1 765 1530 765
i 2 1 1 0 1 765 1530 765
i 3 1 1 0 1 765 1530 765
i 3 1 1 0 1 255 510 255
i 1 1 1 0 1 255 510 255
i 2 1 1 0 1 150 300 150
i 1 1 1 0 1 765 1530 765
i 2 1 1 0 1 510 1020 510
i 2 1 1 0 1 255 510 255
i 4 1 1 0 1 510 1020 510
i 2 1 1 0 1 765 1530 765
i 2 1 1 0 1 765 1530 765
i 3 1 1 0 1 510 1020 510
i 2 1 1 0 1 255 510 255
i 4 1 1 0 1 255 510 255
i 4 1 1 0 1 255 510 255
i 3 1 1 0 1 255 510 255
i 1 1 1 0 1 255 510 255
i 2 1 1 0 1 255 510 255
i 3 1 1 0 1 255 510 255
i 1 1 1 0 1 765 1530 765
i 1 1 1 0 1 510 1020 510
i 4 1 1 0 1 255 510 255
i 4 1 1 0 1 510 1020 510
k 13000 1.6
k 13000 1.6
k 13000 1.6
k 36000 3
k 36000 3
k 36000 3
k 36000 3
k 36000 3
