p 6 228 8 1 2 10000 81
i 0 1 1 0 1 255 255 255
i 0 1 1 0 1 255 255 255
i 0 1 1 0 1 255 255 255
i 0 1 1 0 1 255 255 255
i 0 1 1 0 1 255 255 255
i 0 1 1 0 1 765 765 765
i 1 1 1 0 1 765 1530 765
i 4 1 1 0 1 765 1530 765
i 2 1 1 0 1 255 510 255
i 2 1 1 0 1 255 510 336
i 3 1 1 0 1 510 1020 962
i 2 1 1 0 1 255 510 357
i 4 1 1 0 1 255 510 319
i 1 1 1 0 1 255 510 494
i 1 1 1 0 1 255 510 510
i 1 1 1 0 1 765 1530 879
i 1 1 1 0 1 255 510 427
i 1 1 1 0 1 255 510 255
i 1 1 1 0 1 765 1530 796
i 3 1 1 0 1 255 510 255
i 4 1 1 0 1 255 510 438
i 2 1 1 0 1 765 1530 809
i 3 1 1 0 1 255 510 255
i 2 1 1 0 1 765 1530 765
i 4 1 1 0 1 765 1530 765
i 4 1 1 0 1 1020 2040 1595
i 3 1 1 0 1 765 1530 892
i 1 1 1 0 1 765 1530 765
i 1 1 1 0 1 255 510 255
i 2 1 1 0 1 255 510 442
i 3 1 1 0 1 150 300 150
i 1 1 1 0 1 255 510 400
i 2 1 1 0 1 255 510 465
i 1 1 1 0 1 510 1020 510
i 1 1 1 0 1 150 300 150
i 1 1 1 0 1 255 510 255
i 3 1 1 0 1 255 510 255
i 1 1 1 0 1 765 1530 765
i 2 1 1 0 1 765 1530 765
i 3 1 1 0 1 150 300 247
i 3 1 1 0 1 150 300 184
i 1 1 1 0 1 255 510 255
i 4 1 1 0 1 150 300 150
i 1 1 1 0 1 510 1020 920
i 1 1 1 0 1 150 300 184
i 3 1 1 0 1 510 1020 510
i 4 1 1 0 1 765 1530 765
i 4 1 1 0 1 150 300 166
i 3 1 1 0 1 510 1020 814
i 3 1 1 0 1 255 510 255
i 4 1 1 0 1 255 510 255
i 2 1 1 0 1 765 1530 883
i 2 1 1 0 1 255 510 255
i 2 1 1 0 1 765 1530 1366
i 4 1 1 0 1 255 510 255
i 2 1 1 0 1 510 1020 627
i 3 1 1 0 1 255 510 255
i 2 1 1 0 1 150 300 150
i 3 1 1 0 1 765 1530 765
i 2 1 1 0 1 255 510 255
i 2 1 1 0 1 255 510 283
i 2 1 1 0 1 765 1530 854
i 2 1 1 0 1 255 510 288
i 4 1 1 0 1 255 510 502
i 3 1 1 0 1 765 1530 765
i 1 1 1 0 1 150 300 150
i 2 1 1 0 1 255 510 255
i 3 1 1 0 1 150 300 150
i 3 1 1 0 1 510 1020 510
i 3 1 1 0 1 255 510 445
i 4 1 1 0 1 510 1020 984
i 4 1 1 0 1 255 510 448
i 4 1 1 0 1 255 510 255
i 4 1 1 0 1 510 1020 510
i 2 1 1 0 1 510 1020 510
i 3 1 1 0 1 150 300 278
i 1 1 1 0 1 255 510 255
i 2 1 1 0 1 510 1020 510
i 4 1 1 0 1 765 1530 765
i 1 1 1 0 1 765 1530 765
i 4 1 1 0 1 255 510 255
i 3 1 1 0 1 765 1530 765
i 3 1 1 0 1 765 1530 1274
i 2 1 1 0 1 255 510 506
i 2 1 1 0 1 765 1530 765
i 4 1 1 0 1 765 1530 1190
i 2 1 1 0 1 1530 3060 1722
i 2 1 1 0 1 255 510 255
i 4 1 1 0 1 765 1530 765
i 4 1 1 0 1 765 1530 792
i 1 1 1 0 1 255 510 407
i 2 1 1 0 1 765 1530 765
i 3 1 1 0 1 255 510 434
i 3 1 1 0 1 765 1530 1294
i 4 1 1 0 1 510 1020 510
i 2 1 1 0 1 255 510 255
i 4 1 1 0 1 150 300 150
i 1 1 1 0 1 510 1020 510
i 2 1 1 0 1 765 1530 765
i 1 1 1 0 1 255 510 255
i 1 1 1 0 1 255 510 255
i 4 1 1 0 1 255 510 255
i 3 1 1 0 1 765 1530 1405
i 3 1 1 0 1 765 1530 1290
i 2 1 1 0 1 255 510 255
i 3 1 1 0 1 99 198 99
i 1 1 1 0 1 255 510 255
i 3 1 1 0 1 150 300 150
i 4 1 1 0 1 255 510 269
i 4 1 1 0 1 150 300 180
i 2 1 1 0 1 255 510 255
i 4 1 1 0 1 255 510 255
i 3 1 1 0 1 255 510 430
i 3 1 1 0 1 765 1530 765
i 4 1 1 0 1 510 1020 785
i 2 1 1 0 1 255 510 255
i 2 1 1 0 1 255 510 255
i 3 1 1 0 1 255 510 308
i 2 1 1 0 1 765 1530 765
i 3 1 1 0 1 765 1530 1523
i 4 1 1 0 1 510 1020 937
i 3 1 1 0 1 255 510 261
i 4 1 1 0 1 765 1530 765
i 2 1 1 0 1 150 300 210
i 3 1 1 0 1 765 1530 1180
i 1 1 1 0 1 255 510 492
i 3 1 1 0 1 255 510 255
i 2 1 1 0 1 510 1020 555
i 4 1 1 0 1 255 510 451
i 2 1 1 0 1 765 1530 765
i 4 1 1 0 1 255 510 255
i 1 1 1 0 1 765 1530 765
i 4 1 1 0 1 510 1020 630
i 2 1 1 0 1 510 1020 510
i 4 1 1 0 1 255 510 393
i 4 1 1 0 1 255 510 255
i 3 1 1 0 1 255 510 472
i 2 1 1 0 1 150 300 150
i 4 1 1 0 1 255 510 447
i 4 1 1 0 1 150 300 150
i 1 1 1 0 1 765 1530 939
i 3 1 1 0 1 510 1020 510
i 1 1 1 0 1 765 1530 765
i 1 1 1 0 1 150 300 175
i 4 1 1 0 1 255 510 280
i 3 1 1 0 1 765 1530 1315
i 4 1 1 0 1 255 510 348
i 2 1 1 0 1 255 510 360
i 4 1 1 0 1 150 300 218
i 3 1 1 0 1 510 1020 510
i 1 1 1 0 1 99 198 99
i 2 1 1 0 1 765 1530 1326
i 3 1 1 0 1 255 510 400
i 1 1 1 0 1 255 510 507
i 1 1 1 0 1 765 1530 765
i 2 1 1 0 1 255 510 255
i 2 1 1 0 1 255 510 255
i 3 1 1 0 1 765 1530 1187
i 1 1 1 0 1 765 1530 1449
i 2 1 1 0 1 255 510 424
i 2 1 1 0 1 255 510 255
i 1 1 1 0 1 255 510 255
i 1 1 1 0 1 255 510 366
i 1 1 1 0 1 255 510 255
i 3 1 1 0 1 765 1530 765
i 4 1 1 0 1 510 1020 510
i 2 1 1 0 1 1020 2040 1020
i 3 1 1 0 1 255 510 423
i 3 1 1 0 1 765 1530 765
i 3 1 1 0 1 150 300 150
i 2 1 1 0 1 255 510 354
i 3 1 1 0 1 255 510 296
i 3 1 1 0 1 765 1530 1016
i 2 1 1 0 1 255 510 255
i 1 1 1 0 1 150 300 150
i 1 1 1 0 1 150 300 150
i 2 1 1 0 1 255 510 255
i 3 1 1 0 1 1020 2040 1918
i 2 1 1 0 1 255 510 255
i 3 1 1 0 1 255 510 281
i 2 1 1 0 1 765 1530 765
i 3 1 1 0 1 765 1530 1454
i 3 1 1 0 1 255 510 255
i 3 1 1 0 1 510 1020 510
i 4 1 1 0 1 255 510 255
i 1 1 1 0 1 255 510 255
i 2 1 1 0 1 99 198 99
i 3 1 1 0 1 510 1020 510
i 1 1 1 0 1 765 1530 765
i 3 1 1 0 1 1020 2040 1020
i 2 1 1 0 1 765 1530 765
i 1 1 1 0 1 255 510 255
i 3 1 1 0 1 255 510 255
i 1 1 1 0 1 765 1530 765
i 3 1 1 0 1 765 1530 765
i 1 1 1 0 1 255 510 255
i 2 1 1 0 1 255 510 255
i 1 1 1 0 1 255 510 255
i 1 1 1 0 1 255 510 255
i 4 1 1 0 1 255 510 255
i 4 1 1 0 1 255 510 255
i 2 1 1 0 1 300 600 300
i 1 1 1 0 1 765 1530 765
i 4 1 1 0 1 510 1020 510
i 2 1 1 0 1 1020 2040 1020
i 3 1 1 0 1 765 1530 765
i 2 1 1 0 1 255 510 255
i 3 1 1 0 1 510 1020 510
i 2 1 1 0 1 765 1530 765
i 1 1 1 0 1 765 1530 765
i 1 1 1 0 1 255 510 255
i 1 1 1 0 1 765 1530 765
i 4 1 1 0 1 510 1020 510
i 1 1 1 0 1 150 300 150
i 3 1 1 0 1 255 510 255
i 3 1 1 0 1 510 1020 510
i 3 1 1 0 1 255 510 255
i 4 1 1 0 1 255 510 255
i 2 1 1 0 1 765 1530 765
i 2 1 1 0 1 765 1530 765
i 3 1 1 0 1 765 1530 765
i 2 1 1 0 1 765 1530 765
i 2 1 1 0 1 765 1530 765
i 3 1 1 0 1 765 1530 765
i 4 1 1 0 1 765 1530 765
i 3 1 1 0 1 765 1530 765
i 4 1 1 0 1 255 510 255
i 2 1 1 0 1 510 1020 510
k 13000 1.6
k 13000 1.6
k 13000 1.6
k 36000 3
k 36000 3
k 36000 3
k 36000 3
k 36000 3
