p 6 283 8 1 2 10000 63
i 0 1 1 0 1 425 425 425
i 0 1 1 0 1 1275 1275 1275
i 0 1 1 0 1 425 425 425
i 0 1 1 0 1 425 425 425
i 0 1 1 0 1 425 425 425
i 0 1 1 0 1 1275 1275 1275
i 0 1 1 0 1 1275 1275 1275
i 0 1 1 0 1 990 990 990
i 0 1 1 0 1 425 425 425
i 0 1 1 0 1 250 250 250
i 0 1 1 0 1 250 250 250
i 0 1 1 0 1 425 425 425
i 0 1 1 0 1 250 250 250
i 0 1 1 0 1 850 850 850
i 0 1 1 0 1 330 330 330
i 0 1 1 0 1 425 425 425
i 0 1 1 0 1 425 425 425
i 0 1 1 0 1 425 425 425
i 0 1 1 0 1 1275 1275 1275
i 0 1 1 0 1 425 425 425
i 0 1 1 0 1 425 425 425
i 0 1 1 0 1 425 425 425
i 0 1 1 0 1 2125 2125 2125
i 0 1 1 0 1 425 425 425
i 0 1 1 0 1 425 425 425
i 0 1 1 0 1 1275 1275 1275
i 0 1 1 0 1 495 495 495
i 0 1 1 0 1 1275 1275 1275
i 0 1 1 0 1 425 425 425
i 0 1 1 0 1 910 910 910
i 0 1 1 0 1 1275 1275 1275
i 0 1 1 0 1 1275 1275 1275
i 0 1 1 0 1 1275 1275 1275
i 0 1 1 0 1 250 250 250
i 0 1 1 0 1 1275 1275 1275
i 0 1 1 0 1 425 425 425
i 0 1 1 0 1 425 425 425
i 0 1 1 0 1 2125 2125 2125
i 0 1 1 0 1 915 915 915
i 0 1 1 0 1 425 425 425
i 0 1 1 0 1 850 850 850
i 0 1 1 0 1 425 425 425
i 0 1 1 0 1 425 425 425
i 0 1 1 0 1 425 425 425
i 0 1 1 0 1 1275 1275 1275
i 0 1 1 0 1 425 425 425
i 0 1 1 0 1 425 425 425
i 0 1 1 0 1 330 330 330
i 0 1 1 0 1 425 425 425
i 0 1 1 0 1 425 425 425
i 0 1 1 0 1 1275 1275 1275
i 0 1 1 0 1 425 425 425
i 0 1 1 0 1 425 425 425
i 0 1 1 0 1 425 425 425
i 0 1 1 0 1 425 425 425
i 0 1 1 0 1 250 250 250
i 0 1 1 0 1 250 250 250
i 0 1 1 0 1 1700 1700 1700
i 0 1 1 0 1 425 425 425
i 0 1 1 0 1 250 250 250
i 0 1 1 0 1 425 425 425
i 0 1 1 0 1 2125 2125 2125
i 0 1 1 0 1 1275 1275 1275
i 0 1 1 0 1 425 425 425
i 0 1 1 0 1 425 425 425
i 0 1 1 0 1 425 425 425
i 0 1 1 0 1 425 425 425
i 0 1 1 0 1 1275 1275 1275
i 0 1 1 0 1 850 850 850
i 0 1 1 0 1 1275 1275 1275
i 0 1 1 0 1 425 425 425
i 0 1 1 0 1 425 425 425
i 0 1 1 0 1 165 165 165
i 0 1 1 0 1 1275 1275 1275
i 0 1 1 0 1 1275 1275 1275
i 0 1 1 0 1 500 500 500
i 0 1 1 0 1 425 425 425
i 0 1 1 0 1 425 425 425
i 0 1 1 0 1 425 425 425
i 0 1 1 0 1 425 425 425
i 0 1 1 0 1 425 425 425
i 0 1 1 0 1 495 495 495
i 0 1 1 0 1 425 425 425
i 0 1 1 0 1 425 425 425
i 0 1 1 0 1 425 425 425
i 0 1 1 0 1 1275 1275 1275
i 0 1 1 0 1 1275 1275 1275
i 0 1 1 0 1 425 425 425
i 0 1 1 0 1 425 425 425
i 0 1 1 0 1 1275 1275 1275
i 0 1 1 0 1 425 425 425
i 0 1 1 0 1 1275 1275 1275
i 0 1 1 0 1 250 250 250
i 0 1 1 0 1 425 425 425
i 0 1 1 0 1 425 425 425
i 0 1 1 0 1 1275 1275 1275
i 0 1 1 0 1 425 425 425
i 0 1 1 0 1 500 500 500
i 0 1 1 0 1 425 425 425
i 0 1 1 0 1 425 425 425
i 0 1 1 0 1 850 850 850
i 0 1 1 0 1 250 250 250
i 0 1 1 0 1 425 425 425
i 0 1 1 0 1 425 425 425
i 0 1 1 0 1 425 425 425
i 0 1 1 0 1 1275 1275 1275
i 0 1 1 0 1 580 1740 1077
i 0 1 1 0 1 425 425 425
i 0 1 1 0 1 1275 1275 1275
i 0 1 1 0 1 1275 1275 1275
i 0 1 1 0 1 425 425 425
i 0 1 1 0 1 425 425 425
i 0 1 1 0 1 850 850 850
i 0 1 1 0 1 250 250 250
i 0 1 1 0 1 165 165 165
i 0 1 1 0 1 425 425 425
i 0 1 1 0 1 250 250 250
i 0 1 1 0 1 850 850 850
i 0 1 1 0 1 425 425 425
i 0 1 1 0 1 425 425 425
i 0 1 1 0 1 250 250 250
i 0 1 1 0 1 850 850 850
i 0 1 1 0 1 250 250 250
i 0 1 1 0 1 250 250 250
i 0 1 1 0 1 1275 1275 1275
i 0 1 1 0 1 425 425 425
i 0 1 1 0 1 1275 1275 1275
i 0 1 1 0 1 425 425 425
i 0 1 1 0 1 1275 1275 1275
i 2 1 1 0 1 425 850 425
i 3 1 1 0 1 250 500 250
i 2 1 1 0 1 1275 2550 1735
i 3 1 1 0 1 1275 2550 1455
i 3 1 1 0 1 1275 2550 1275
i 4 1 1 0 1 1275 2550 1857
i 2 1 1 0 1 500 1000 500
i 2 1 1 0 1 425 850 779
i 1 1 1 0 1 425 850 777
i 1 1 1 0 1 1275 2550 1658
i 1 1 1 0 1 425 850 425
i 4 1 1 0 1 425 850 604
i 2 1 1 0 1 1275 2550 2520
i 2 1 1 0 1 425 850 643
i 2 1 1 0 1 425 850 696
i 2 1 1 0 1 425 850 425
i 1 1 1 0 1 1275 2550 1275
i 3 1 1 0 1 425 850 425
i 2 1 1 0 1 425 850 639
i 3 1 1 0 1 425 850 815
i 4 1 1 0 1 425 850 425
i 2 1 1 0 1 250 500 273
i 1 1 1 0 1 425 850 555
i 3 1 1 0 1 1275 2550 1275
i 1 1 1 0 1 425 850 425
i 3 1 1 0 1 1275 2550 1275
i 2 1 1 0 1 425 850 425
i 1 1 1 0 1 660 1320 1101
i 1 1 1 0 1 1275 2550 1643
i 3 1 1 0 1 425 850 694
i 4 1 1 0 1 425 850 604
i 4 1 1 0 1 250 500 305
i 1 1 1 0 1 425 850 517
i 1 1 1 0 1 425 850 425
i 2 1 1 0 1 425 850 425
i 3 1 1 0 1 500 1000 500
i 3 1 1 0 1 425 850 425
i 1 1 1 0 1 495 990 495
i 4 1 1 0 1 1275 2550 2362
i 4 1 1 0 1 1275 2550 2167
i 1 1 1 0 1 425 850 425
i 3 1 1 0 1 425 850 510
i 4 1 1 0 1 1275 2550 2453
i 1 1 1 0 1 425 850 425
i 1 1 1 0 1 425 850 624
i 3 1 1 0 1 425 850 703
i 3 1 1 0 1 660 1320 660
i 2 1 1 0 1 1275 2550 1275
i 1 1 1 0 1 425 850 582
i 1 1 1 0 1 425 850 425
i 3 1 1 0 1 1275 2550 1275
i 4 1 1 0 1 250 500 269
i 1 1 1 0 1 425 850 696
i 1 1 1 0 1 990 1980 990
i 1 1 1 0 1 1275 2550 1275
i 4 1 1 0 1 1275 2550 1801
i 4 1 1 0 1 850 1700 850
i 1 1 1 0 1 1275 2550 1512
i 2 1 1 0 1 1275 2550 1275
i 2 1 1 0 1 1275 2550 1275
i 2 1 1 0 1 580 1160 580
i 1 1 1 0 1 425 850 541
i 4 1 1 0 1 580 1160 580
i 3 1 1 0 1 425 850 425
i 1 1 1 0 1 425 850 480
i 1 1 1 0 1 1275 2550 1275
i 3 1 1 0 1 425 850 425
i 1 1 1 0 1 425 850 425
i 2 1 1 0 1 425 850 528
i 1 1 1 0 1 1275 2550 1275
i 3 1 1 0 1 425 850 834
i 2 1 1 0 1 425 850 441
i 1 1 1 0 1 425 850 425
i 1 1 1 0 1 850 1700 850
i 2 1 1 0 1 250 500 384
i 2 1 1 0 1 425 850 577
i 2 1 1 0 1 425 850 537
i 3 1 1 0 1 425 850 612
i 2 1 1 0 1 425 850 425
i 3 1 1 0 1 425 850 425
i 2 1 1 0 1 1275 2550 1789
i 2 1 1 0 1 425 850 750
i 2 1 1 0 1 425 850 425
i 1 1 1 0 1 1275 2550 1275
i 4 1 1 0 1 425 850 425
i 4 1 1 0 1 425 850 720
i 2 1 1 0 1 1275 2550 1275
i 2 1 1 0 1 1275 2550 2058
i 2 1 1 0 1 425 850 587
i 4 1 1 0 1 500 1000 815
i 4 1 1 0 1 250 500 362
i 3 1 1 0 1 1275 2550 1275
i 3 1 1 0 1 250 500 250
i 4 1 1 0 1 1275 2550 2218
i 3 1 1 0 1 1275 2550 1275
i 4 1 1 0 1 1275 2550 1275
i 2 1 1 0 1 1275 2550 1275
i 1 1 1 0 1 250 500 364
i 3 1 1 0 1 495 990 495
i 2 1 1 0 1 425 850 425
i 4 1 1 0 1 1275 2550 1894
i 4 1 1 0 1 425 850 425
i 3 1 1 0 1 1275 2550 1275
i 3 1 1 0 1 1275 2550 1275
i 4 1 1 0 1 1275 2550 2359
i 4 1 1 0 1 500 1000 500
i 1 1 1 0 1 1275 2550 2149
i 3 1 1 0 1 250 500 250
i 2 1 1 0 1 1275 2550 1535
i 4 1 1 0 1 1275 2550 1463
i 1 1 1 0 1 250 500 250
i 1 1 1 0 1 425 850 661
i 2 1 1 0 1 850 1700 850
i 1 1 1 0 1 910 1820 910
i 1 1 1 0 1 425 850 425
i 1 1 1 0 1 580 1160 580
i 1 1 1 0 1 250 500 441
i 2 1 1 0 1 330 660 330
i 2 1 1 0 1 1250 2500 1506
i 2 1 1 0 1 425 850 637
i 2 1 1 0 1 425 850 719
i 3 1 1 0 1 850 1700 850
i 3 1 1 0 1 250 500 314
i 3 1 1 0 1 425 850 425
i 1 1 1 0 1 425 850 568
i 2 1 1 0 1 425 850 425
i 4 1 1 0 1 425 850 694
i 1 1 1 0 1 425 850 558
i 4 1 1 0 1 425 850 425
i 2 1 1 0 1 425 850 425
i 4 1 1 0 1 425 850 425
i 1 1 1 0 1 250 500 250
i 3 1 1 0 1 250 500 250
i 2 1 1 0 1 250 500 250
i 4 1 1 0 1 1700 3400 1700
i 2 1 1 0 1 425 850 425
i 4 1 1 0 1 850 1700 850
i 3 1 1 0 1 1275 2550 1275
i 2 1 1 0 1 425 850 425
i 2 1 1 0 1 425 850 425
i 1 1 1 0 1 1275 2550 1275
i 2 1 1 0 1 1275 2550 1275
i 2 1 1 0 1 165 330 165
i 1 1 1 0 1 425 850 425
i 4 1 1 0 1 425 850 425
i 4 1 1 0 1 425 850 425
i 1 1 1 0 1 250 500 250
i 1 1 1 0 1 425 850 425
i 3 1 1 0 1 2125 4250 2125
i 2 1 1 0 1 425 850 425
i 3 1 1 0 1 1275 2550 1275
i 4 1 1 0 1 2550 5100 2550
i 2 1 1 0 1 425 850 425
i 4 1 1 0 1 425 850 425
k 13000 1.6
k 13000 1.6
k 13000 1.6
k 36000 3
k 36000 3
k 36000 3
k 36000 3
k 36000 3
