p 6 283 8 1 2 10000 63
i 0 1 1 0 1 425 425 425
i 0 1 1 0 1 1275 1275 1275
i 0 1 1 0 1 425 425 425
i 0 1 1 0 1 425 425 425
i 0 1 1 0 1 425 425 425
i 0 1 1 0 1 1275 1275 1275
i 0 1 1 0 1 1275 1275 1275
i 0 1 1 0 1 990 990 990
i 0 1 1 0 1 425 425 425
i 0 1 1 0 1 250 250 250
i 0 1 1 0 1 250 250 250
i 0 1 1 0 1 425 425 425
i 0 1 1 0 1 250 250 250
i 0 1 1 0 1 850 850 850
i 0 1 1 0 1 330 330 330
i 0 1 1 0 1 425 425 425
i 0 1 1 0 1 425 425 425
i 0 1 1 0 1 425 425 425
i 0 1 1 0 1 1275 1275 1275
i 0 1 1 0 1 425 425 425
i 0 1 1 0 1 425 425 425
i 0 1 1 0 1 425 425 425
i 0 1 1 0 1 2125 2125 2125
i 0 1 1 0 1 425 425 425
i 0 1 1 0 1 425 425 425
i 0 1 1 0 1 1275 1275 1275
i 0 1 1 0 1 495 495 495
i 0 1 1 0 1 1275 1275 1275
i 0 1 1 0 1 425 425 425
i 0 1 1 0 1 910 910 910
i 0 1 1 0 1 1275 1275 1275
i 0 1 1 0 1 1275 1275 1275
i 0 1 1 0 1 1275 1275 1275
i 0 1 1 0 1 250 250 250
i 0 1 1 0 1 1275 1275 1275
i 0 1 1 0 1 425 425 425
i 0 1 1 0 1 425 425 425
i 0 1 1 0 1 2125 2125 2125
i 0 1 1 0 1 915 915 915
i 0 1 1 0 1 425 425 425
i 0 1 1 0 1 850 850 850
i 0 1 1 0 1 425 425 425
i 0 1 1 0 1 425 425 425
i 0 1 1 0 1 425 425 425
i 0 1 1 0 1 1275 1275 1275
i 0 1 1 0 1 425 425 425
i 0 1 1 0 1 425 425 425
i 0 1 1 0 1 330 330 330
i 0 1 1 0 1 425 425 425
i 0 1 1 0 1 425 425 425
i 0 1 1 0 1 1275 1275 1275
i 0 1 1 0 1 425 425 425
i 0 1 1 0 1 425 425 425
i 0 1 1 0 1 425 425 425
i 0 1 1 0 1 425 425 425
i 0 1 1 0 1 250 250 250
i 0 1 1 0 1 250 250 250
i 0 1 1 0 1 1700 1700 1700
i 0 1 1 0 1 425 425 425
i 0 1 1 0 1 250 250 250
i 0 1 1 0 1 425 425 425
i 0 1 1 0 1 2125 2125 2125
i 0 1 1 0 1 1275 1275 1275
i 0 1 1 0 1 425 425 425
i 0 1 1 0 1 425 425 425
i 0 1 1 0 1 425 425 425
i 0 1 1 0 1 425 425 425
i 0 1 1 0 1 1275 1275 1275
i 0 1 1 0 1 850 850 850
i 0 1 1 0 1 1275 1275 1275
i 0 1 1 0 1 425 425 425
i 0 1 1 0 1 425 425 425
i 0 1 1 0 1 165 165 165
i 0 1 1 0 1 1275 1275 1275
i 0 1 1 0 1 1275 1275 1275
i 0 1 1 0 1 500 500 500
i 0 1 1 0 1 425 425 425
i 0 1 1 0 1 425 425 425
i 0 1 1 0 1 425 425 425
i 0 1 1 0 1 425 425 425
i 0 1 1 0 1 425 425 425
i 0 1 1 0 1 495 495 495
i 0 1 1 0 1 425 425 425
i 0 1 1 0 1 425 425 425
i 0 1 1 0 1 425 425 425
i 0 1 1 0 1 1275 1275 1275
i 0 1 1 0 1 1275 1275 1275
i 0 1 1 0 1 425 425 425
i 0 1 1 0 1 425 425 425
i 0 1 1 0 1 1275 1275 1275
i 0 1 1 0 1 425 425 425
i 0 1 1 0 1 1275 1275 1275
i 0 1 1 0 1 250 250 250
i 0 1 1 0 1 425 425 425
i 0 1 1 0 1 425 425 425
i 0 1 1 0 1 1275 1275 1275
i 0 1 1 0 1 425 425 425
i 0 1 1 0 1 500 500 500
i 0 1 1 0 1 425 425 425
i 0 1 1 0 1 425 425 425
i 0 1 1 0 1 850 850 850
i 0 1 1 0 1 250 250 250
i 0 1 1 0 1 425 425 425
i 0 1 1 0 1 425 425 425
i 0 1 1 0 1 425 425 425
i 0 1 1 0 1 1275 1275 1275
i 0 1 1 0 1 580 1740 1077
i 0 1 1 0 1 425 425 425
i 0 1 1 0 1 1275 1275 1275
i 0 1 1 0 1 1275 1275 1275
i 0 1 1 0 1 425 425 425
i 0 1 1 0 1 425 425 425
i 0 1 1 0 1 850 850 850
i 0 1 1 0 1 250 250 250
i 0 1 1 0 1 165 165 165
i 0 1 1 0 1 425 425 425
i 0 1 1 0 1 250 250 250
i 0 1 1 0 1 850 850 850
i 0 1 1 0 1 425 425 425
i 0 1 1 0 1 425 425 425
i 0 1 1 0 1 250 250 250
i 0 1 1 0 1 850 850 850
i 0 1 1 0 1 250 250 250
i 0 1 1 0 1 250 250 250
i 0 1 1 0 1 1275 1275 1275
i 0 1 1 0 1 425 425 425
i 0 1 1 0 1 1275 1275 1275
i 0 1 1 0 1 425 425 425
i 0 1 1 0 1 1275 1275 1275
i 4 1 1 0 1 425 850 810
i 2 1 1 0 1 425 850 425
i 1 1 1 0 1 250 500 289
i 2 1 1 0 1 425 850 678
i 1 1 1 0 1 660 1320 1083
i 1 1 1 0 1 1275 2550 1797
i 3 1 1 0 1 250 500 470
i 4 1 1 0 1 250 500 416
i 1 1 1 0 1 1275 2550 1275
i 4 1 1 0 1 1275 2550 1497
i 2 1 1 0 1 425 850 443
i 2 1 1 0 1 425 850 425
i 3 1 1 0 1 425 850 527
i 3 1 1 0 1 425 850 425
i 4 1 1 0 1 1275 2550 1275
i 2 1 1 0 1 1275 2550 1906
i 3 1 1 0 1 1275 2550 1558
i 1 1 1 0 1 1275 2550 2506
i 3 1 1 0 1 425 850 425
i 1 1 1 0 1 990 1980 990
i 1 1 1 0 1 425 850 425
i 3 1 1 0 1 1275 2550 2212
i 3 1 1 0 1 425 850 464
i 3 1 1 0 1 1275 2550 2317
i 1 1 1 0 1 1275 2550 1275
i 1 1 1 0 1 425 850 425
i 3 1 1 0 1 1275 2550 1275
i 1 1 1 0 1 250 500 250
i 4 1 1 0 1 1275 2550 1275
i 1 1 1 0 1 1275 2550 1275
i 2 1 1 0 1 425 850 425
i 2 1 1 0 1 1275 2550 2215
i 3 1 1 0 1 425 850 425
i 1 1 1 0 1 1275 2550 1275
i 2 1 1 0 1 425 850 425
i 1 1 1 0 1 425 850 701
i 3 1 1 0 1 425 850 798
i 1 1 1 0 1 1275 2550 1436
i 2 1 1 0 1 425 850 605
i 4 1 1 0 1 425 850 628
i 1 1 1 0 1 425 850 425
i 1 1 1 0 1 425 850 425
i 1 1 1 0 1 495 990 979
i 4 1 1 0 1 425 850 425
i 2 1 1 0 1 425 850 669
i 1 1 1 0 1 425 850 425
i 4 1 1 0 1 580 1160 928
i 3 1 1 0 1 1275 2550 1729
i 4 1 1 0 1 250 500 250
i 2 1 1 0 1 580 1160 580
i 4 1 1 0 1 425 850 425
i 1 1 1 0 1 910 1820 910
i 1 1 1 0 1 250 500 250
i 2 1 1 0 1 165 330 279
i 2 1 1 0 1 850 1700 850
i 1 1 1 0 1 1275 2550 1773
i 1 1 1 0 1 425 850 425
i 2 1 1 0 1 1275 2550 1275
i 1 1 1 0 1 580 1160 731
i 2 1 1 0 1 1275 2550 2469
i 3 1 1 0 1 425 850 746
i 2 1 1 0 1 425 850 688
i 3 1 1 0 1 1275 2550 1921
i 1 1 1 0 1 425 850 535
i 2 1 1 0 1 1250 2500 1250
i 3 1 1 0 1 1275 2550 2409
i 4 1 1 0 1 425 850 425
i 2 1 1 0 1 425 850 732
i 1 1 1 0 1 850 1700 1075
i 3 1 1 0 1 250 500 285
i 1 1 1 0 1 425 850 425
i 1 1 1 0 1 425 850 733
i 2 1 1 0 1 1275 2550 1275
i 2 1 1 0 1 425 850 425
i 4 1 1 0 1 425 850 425
i 4 1 1 0 1 1275 2550 1275
i 4 1 1 0 1 425 850 464
i 4 1 1 0 1 1275 2550 1915
i 3 1 1 0 1 250 500 250
i 3 1 1 0 1 1275 2550 1810
i 1 1 1 0 1 425 850 425
i 4 1 1 0 1 1275 2550 1275
i 3 1 1 0 1 2125 4250 2125
i 1 1 1 0 1 425 850 735
i 1 1 1 0 1 425 850 425
i 4 1 1 0 1 850 1700 850
i 1 1 1 0 1 425 850 451
i 1 1 1 0 1 425 850 425
i 3 1 1 0 1 850 1700 1355
i 3 1 1 0 1 1275 2550 1935
i 2 1 1 0 1 425 850 616
i 3 1 1 0 1 425 850 505
i 2 1 1 0 1 1275 2550 1723
i 4 1 1 0 1 425 850 425
i 1 1 1 0 1 425 850 425
i 1 1 1 0 1 425 850 425
i 2 1 1 0 1 425 850 541
i 2 1 1 0 1 425 850 486
i 3 1 1 0 1 495 990 495
i 2 1 1 0 1 425 850 425
i 1 1 1 0 1 250 500 423
i 4 1 1 0 1 1275 2550 2061
i 2 1 1 0 1 1275 2550 1275
i 2 1 1 0 1 425 850 596
i 2 1 1 0 1 1275 2550 2421
i 1 1 1 0 1 425 850 425
i 3 1 1 0 1 425 850 425
i 2 1 1 0 1 1275 2550 1275
i 4 1 1 0 1 1700 3400 1954
i 2 1 1 0 1 425 850 425
i 1 1 1 0 1 1275 2550 1275
i 3 1 1 0 1 1275 2550 1333
i 2 1 1 0 1 1275 2550 2420
i 3 1 1 0 1 1275 2550 1935
i 2 1 1 0 1 425 850 797
i 3 1 1 0 1 425 850 742
i 2 1 1 0 1 425 850 739
i 4 1 1 0 1 850 1700 850
i 2 1 1 0 1 425 850 425
i 4 1 1 0 1 250 500 250
i 1 1 1 0 1 250 500 386
i 1 1 1 0 1 425 850 425
i 3 1 1 0 1 425 850 425
i 2 1 1 0 1 330 660 330
i 2 1 1 0 1 425 850 425
i 2 1 1 0 1 250 500 250
i 4 1 1 0 1 425 850 425
i 4 1 1 0 1 2550 5100 2550
i 4 1 1 0 1 1275 2550 1275
i 2 1 1 0 1 425 850 425
i 3 1 1 0 1 425 850 425
i 2 1 1 0 1 425 850 425
i 2 1 1 0 1 250 500 250
i 2 1 1 0 1 1275 2550 1275
i 1 1 1 0 1 1275 2550 1275
i 4 1 1 0 1 425 850 425
i 1 1 1 0 1 425 850 425
i 4 1 1 0 1 425 850 425
i 3 1 1 0 1 250 500 250
i 4 1 1 0 1 500 1000 500
i 1 1 1 0 1 425 850 425
i 3 1 1 0 1 660 1320 660
i 4 1 1 0 1 1275 2550 1275
i 2 1 1 0 1 425 850 425
i 2 1 1 0 1 425 850 425
i 4 1 1 0 1 500 1000 500
i 3 1 1 0 1 500 1000 500
i 3 1 1 0 1 250 500 250
i 4 1 1 0 1 1275 2550 1275
i 2 1 1 0 1 500 1000 500
i 4 1 1 0 1 425 850 425
i 2 1 1 0 1 425 850 425
i 1 1 1 0 1 425 850 425
i 2 1 1 0 1 250 500 250
k 13000 1.6
k 13000 1.6
k 13000 1.6
k 36000 3
k 36000 3
k 36000 3
k 36000 3
k 36000 3
