p 6 283 8 1 2 10000 63
i 0 1 1 0 1 425 425 425
i 0 1 1 0 1 1275 1275 1275
i 0 1 1 0 1 425 425 425
i 0 1 1 0 1 425 425 425
i 0 1 1 0 1 425 425 425
i 0 1 1 0 1 1275 1275 1275
i 0 1 1 0 1 1275 1275 1275
i 0 1 1 0 1 990 990 990
i 0 1 1 0 1 425 425 425
i 0 1 1 0 1 250 250 250
i 0 1 1 0 1 250 250 250
i 0 1 1 0 1 425 425 425
i 0 1 1 0 1 250 250 250
i 0 1 1 0 1 850 850 850
i 0 1 1 0 1 330 330 330
i 0 1 1 0 1 425 425 425
i 0 1 1 0 1 425 425 425
i 0 1 1 0 1 425 425 425
i 0 1 1 0 1 1275 1275 1275
i 0 1 1 0 1 425 425 425
i 0 1 1 0 1 425 425 425
i 0 1 1 0 1 425 425 425
i 0 1 1 0 1 2125 2125 2125
i 0 1 1 0 1 425 425 425
i 0 1 1 0 1 425 425 425
i 0 1 1 0 1 1275 1275 1275
i 0 1 1 0 1 495 495 495
i 0 1 1 0 1 1275 1275 1275
i 0 1 1 0 1 425 425 425
i 0 1 1 0 1 910 910 910
i 0 1 1 0 1 1275 1275 1275
i 0 1 1 0 1 1275 1275 1275
i 0 1 1 0 1 1275 1275 1275
i 0 1 1 0 1 250 250 250
i 0 1 1 0 1 1275 1275 1275
i 0 1 1 0 1 425 425 425
i 0 1 1 0 1 425 425 425
i 0 1 1 0 1 2125 2125 2125
i 0 1 1 0 1 915 915 915
i 0 1 1 0 1 425 425 425
i 0 1 1 0 1 850 850 850
i 0 1 1 0 1 425 425 425
i 0 1 1 0 1 425 425 425
i 0 1 1 0 1 425 425 425
i 0 1 1 0 1 1275 1275 1275
i 0 1 1 0 1 425 425 425
i 0 1 1 0 1 425 425 425
i 0 1 1 0 1 330 330 330
i 0 1 1 0 1 425 425 425
i 0 1 1 0 1 425 425 425
i 0 1 1 0 1 1275 1275 1275
i 0 1 1 0 1 425 425 425
i 0 1 1 0 1 425 425 425
i 0 1 1 0 1 425 425 425
i 0 1 1 0 1 425 425 425
i 0 1 1 0 1 250 250 250
i 0 1 1 0 1 250 250 250
i 0 1 1 0 1 1700 1700 1700
i 0 1 1 0 1 425 425 425
i 0 1 1 0 1 250 250 250
i 0 1 1 0 1 425 425 425
i 0 1 1 0 1 2125 2125 2125
i 0 1 1 0 1 1275 1275 1275
i 0 1 1 0 1 425 425 425
i 0 1 1 0 1 425 425 425
i 0 1 1 0 1 425 425 425
i 0 1 1 0 1 425 425 425
i 0 1 1 0 1 1275 1275 1275
i 0 1 1 0 1 850 850 850
i 0 1 1 0 1 1275 1275 1275
i 0 1 1 0 1 425 425 425
i 0 1 1 0 1 425 425 425
i 0 1 1 0 1 165 165 165
i 0 1 1 0 1 1275 1275 1275
i 0 1 1 0 1 1275 1275 1275
i 0 1 1 0 1 500 500 500
i 0 1 1 0 1 425 425 425
i 0 1 1 0 1 425 425 425
i 0 1 1 0 1 425 425 425
i 0 1 1 0 1 425 425 425
i 0 1 1 0 1 425 425 425
i 0 1 1 0 1 495 495 495
i 0 1 1 0 1 425 425 425
i 0 1 1 0 1 425 425 425
i 0 1 1 0 1 425 425 425
i 0 1 1 0 1 1275 1275 1275
i 0 1 1 0 1 1275 1275 1275
i 0 1 1 0 1 425 425 425
i 0 1 1 0 1 425 425 425
i 0 1 1 0 1 1275 1275 1275
i 0 1 1 0 1 425 425 425
i 0 1 1 0 1 1275 1275 1275
i 0 1 1 0 1 250 250 250
i 0 1 1 0 1 425 425 425
i 0 1 1 0 1 425 425 425
i 0 1 1 0 1 1275 1275 1275
i 0 1 1 0 1 425 425 425
i 0 1 1 0 1 500 500 500
i 0 1 1 0 1 425 425 425
i 0 1 1 0 1 425 425 425
i 0 1 1 0 1 850 850 850
i 0 1 1 0 1 250 250 250
i 0 1 1 0 1 425 425 425
i 0 1 1 0 1 425 425 425
i 0 1 1 0 1 425 425 425
i 0 1 1 0 1 1275 1275 1275
i 0 1 1 0 1 580 1740 1077
i 0 1 1 0 1 425 425 425
i 0 1 1 0 1 1275 1275 1275
i 0 1 1 0 1 1275 1275 1275
i 0 1 1 0 1 425 425 425
i 0 1 1 0 1 425 425 425
i 0 1 1 0 1 850 850 850
i 0 1 1 0 1 250 250 250
i 0 1 1 0 1 165 165 165
i 0 1 1 0 1 425 425 425
i 0 1 1 0 1 250 250 250
i 0 1 1 0 1 850 850 850
i 0 1 1 0 1 425 425 425
i 0 1 1 0 1 425 425 425
i 0 1 1 0 1 250 250 250
i 0 1 1 0 1 850 850 850
i 0 1 1 0 1 250 250 250
i 0 1 1 0 1 250 250 250
i 0 1 1 0 1 1275 1275 1275
i 0 1 1 0 1 425 425 425
i 0 1 1 0 1 1275 1275 1275
i 0 1 1 0 1 425 425 425
i 0 1 1 0 1 1275 1275 1275
i 1 1 1 0 1 1275 2550 2419
i 4 1 1 0 1 425 850 533
i 1 1 1 0 1 425 850 425
i 2 1 1 0 1 425 850 602
i 1 1 1 0 1 660 1320 660
i 1 1 1 0 1 425 850 796
i 1 1 1 0 1 250 500 250
i 3 1 1 0 1 425 850 425
i 3 1 1 0 1 850 1700 850
i 2 1 1 0 1 1275 2550 1275
i 1 1 1 0 1 425 850 425
i 4 1 1 0 1 1700 3400 3190
i 3 1 1 0 1 1275 2550 1275
i 1 1 1 0 1 425 850 847
i 2 1 1 0 1 425 850 573
i 1 1 1 0 1 425 850 425
i 1 1 1 0 1 1275 2550 1275
i 2 1 1 0 1 1275 2550 2038
i 4 1 1 0 1 1275 2550 1275
i 3 1 1 0 1 1275 2550 2445
i 4 1 1 0 1 250 500 250
i 2 1 1 0 1 165 330 243
i 2 1 1 0 1 425 850 540
i 2 1 1 0 1 425 850 569
i 2 1 1 0 1 425 850 443
i 3 1 1 0 1 1275 2550 1275
i 4 1 1 0 1 500 1000 500
i 2 1 1 0 1 425 850 440
i 3 1 1 0 1 2125 4250 2125
i 3 1 1 0 1 425 850 425
i 4 1 1 0 1 1275 2550 1910
i 1 1 1 0 1 250 500 250
i 1 1 1 0 1 425 850 484
i 1 1 1 0 1 425 850 549
i 2 1 1 0 1 425 850 576
i 4 1 1 0 1 850 1700 1354
i 1 1 1 0 1 425 850 560
i 2 1 1 0 1 250 500 432
i 3 1 1 0 1 425 850 713
i 3 1 1 0 1 425 850 817
i 4 1 1 0 1 1275 2550 2138
i 3 1 1 0 1 1275 2550 1676
i 2 1 1 0 1 425 850 530
i 2 1 1 0 1 1275 2550 2070
i 4 1 1 0 1 425 850 617
i 1 1 1 0 1 990 1980 990
i 2 1 1 0 1 1275 2550 1480
i 3 1 1 0 1 425 850 844
i 2 1 1 0 1 500 1000 500
i 1 1 1 0 1 1275 2550 1834
i 2 1 1 0 1 425 850 691
i 1 1 1 0 1 1275 2550 1762
i 3 1 1 0 1 425 850 723
i 4 1 1 0 1 2550 5100 2550
i 1 1 1 0 1 425 850 425
i 2 1 1 0 1 425 850 541
i 3 1 1 0 1 1275 2550 1275
i 1 1 1 0 1 580 1160 1158
i 2 1 1 0 1 425 850 749
i 1 1 1 0 1 425 850 454
i 3 1 1 0 1 250 500 250
i 1 1 1 0 1 425 850 501
i 4 1 1 0 1 580 1160 580
i 1 1 1 0 1 1275 2550 1665
i 1 1 1 0 1 425 850 425
i 4 1 1 0 1 425 850 425
i 4 1 1 0 1 1275 2550 2132
i 3 1 1 0 1 425 850 795
i 3 1 1 0 1 425 850 425
i 1 1 1 0 1 1275 2550 2231
i 4 1 1 0 1 425 850 675
i 2 1 1 0 1 425 850 692
i 4 1 1 0 1 1275 2550 1275
i 1 1 1 0 1 1275 2550 1275
i 2 1 1 0 1 425 850 429
i 4 1 1 0 1 1275 2550 1275
i 1 1 1 0 1 425 850 425
i 2 1 1 0 1 1275 2550 2225
i 3 1 1 0 1 1275 2550 1275
i 4 1 1 0 1 425 850 425
i 4 1 1 0 1 1275 2550 1275
i 4 1 1 0 1 425 850 425
i 3 1 1 0 1 1275 2550 2305
i 1 1 1 0 1 850 1700 850
i 3 1 1 0 1 425 850 674
i 2 1 1 0 1 1275 2550 1275
i 2 1 1 0 1 1275 2550 1275
i 1 1 1 0 1 250 500 452
i 1 1 1 0 1 910 1820 1386
i 4 1 1 0 1 425 850 783
i 4 1 1 0 1 425 850 651
i 1 1 1 0 1 250 500 250
i 4 1 1 0 1 425 850 761
i 2 1 1 0 1 1275 2550 1275
i 2 1 1 0 1 850 1700 850
i 2 1 1 0 1 425 850 425
i 3 1 1 0 1 495 990 495
i 3 1 1 0 1 660 1320 660
i 3 1 1 0 1 250 500 250
i 2 1 1 0 1 425 850 425
i 2 1 1 0 1 1250 2500 1250
i 4 1 1 0 1 500 1000 737
i 4 1 1 0 1 250 500 250
i 3 1 1 0 1 1275 2550 2309
i 1 1 1 0 1 250 500 500
i 4 1 1 0 1 1275 2550 1275
i 1 1 1 0 1 1275 2550 1275
i 2 1 1 0 1 425 850 425
i 1 1 1 0 1 425 850 750
i 2 1 1 0 1 1275 2550 1275
i 2 1 1 0 1 330 660 458
i 4 1 1 0 1 250 500 296
i 3 1 1 0 1 250 500 250
i 2 1 1 0 1 425 850 795
i 3 1 1 0 1 500 1000 500
i 4 1 1 0 1 1275 2550 1275
i 3 1 1 0 1 425 850 429
i 3 1 1 0 1 425 850 425
i 1 1 1 0 1 425 850 820
i 2 1 1 0 1 250 500 250
i 3 1 1 0 1 1275 2550 1275
i 4 1 1 0 1 425 850 425
i 4 1 1 0 1 1275 2550 1275
i 4 1 1 0 1 425 850 425
i 4 1 1 0 1 850 1700 850
i 2 1 1 0 1 1275 2550 1275
i 1 1 1 0 1 425 850 425
i 2 1 1 0 1 250 500 250
i 4 1 1 0 1 425 850 425
i 2 1 1 0 1 425 850 425
i 2 1 1 0 1 425 850 425
i 3 1 1 0 1 250 500 250
i 2 1 1 0 1 425 850 425
i 3 1 1 0 1 1275 2550 1275
i 1 1 1 0 1 425 850 425
i 1 1 1 0 1 1275 2550 1275
i 2 1 1 0 1 425 850 425
i 2 1 1 0 1 425 850 425
i 1 1 1 0 1 425 850 425
i 2 1 1 0 1 425 850 425
i 1 1 1 0 1 495 990 495
i 3 1 1 0 1 425 850 425
i 1 1 1 0 1 425 850 425
i 2 1 1 0 1 1275 2550 1275
i 1 1 1 0 1 425 850 425
i 2 1 1 0 1 580 1160 580
i 1 1 1 0 1 1275 2550 1275
i 3 1 1 0 1 1275 2550 1275
i 3 1 1 0 1 250 500 250
i 1 1 1 0 1 425 850 425
i 2 1 1 0 1 425 850 425
i 2 1 1 0 1 425 850 425
i 2 1 1 0 1 425 850 425
i 1 1 1 0 1 425 850 425
k 13000 1.6
k 13000 1.6
k 13000 1.6
k 36000 3
k 36000 3
k 36000 3
k 36000 3
k 36000 3
