p 6 228 8 1 2 10000 81
i 0 1 1 0 1 255 255 255
i 0 1 1 0 1 255 255 255
i 0 1 1 0 1 255 255 255
i 0 1 1 0 1 255 255 255
i 0 1 1 0 1 255 255 255
i 0 1 1 0 1 765 765 765
i 3 1 1 0 1 765 1530 765
i 2 1 1 0 1 255 510 255
i 3 1 1 0 1 765 1530 1383
i 4 1 1 0 1 255 510 255
i 1 1 1 0 1 255 510 255
i 2 1 1 0 1 765 1530 1505
i 4 1 1 0 1 150 300 153
i 4 1 1 0 1 255 510 301
i 3 1 1 0 1 510 1020 837
i 2 1 1 0 1 255 510 268
i 2 1 1 0 1 765 1530 765
i 1 1 1 0 1 150 300 150
i 3 1 1 0 1 765 1530 765
i 1 1 1 0 1 765 1530 765
i 3 1 1 0 1 255 510 382
i 1 1 1 0 1 99 198 178
i 1 1 1 0 1 150 300 197
i 2 1 1 0 1 150 300 150
i 3 1 1 0 1 510 1020 718
i 2 1 1 0 1 510 1020 1018
i 2 1 1 0 1 255 510 255
i 1 1 1 0 1 765 1530 765
i 2 1 1 0 1 510 1020 541
i 2 1 1 0 1 765 1530 765
i 1 1 1 0 1 765 1530 1229
i 1 1 1 0 1 255 510 337
i 1 1 1 0 1 255 510 255
i 3 1 1 0 1 255 510 255
i 3 1 1 0 1 510 1020 555
i 3 1 1 0 1 150 300 150
i 2 1 1 0 1 765 1530 765
i 2 1 1 0 1 765 1530 765
i 3 1 1 0 1 510 1020 542
i 4 1 1 0 1 765 1530 765
i 2 1 1 0 1 1530 3060 2005
i 3 1 1 0 1 1020 2040 1757
i 2 1 1 0 1 765 1530 765
i 2 1 1 0 1 1020 2040 1605
i 2 1 1 0 1 765 1530 779
i 3 1 1 0 1 255 510 255
i 4 1 1 0 1 150 300 150
i 2 1 1 0 1 255 510 418
i 3 1 1 0 1 255 510 255
i 4 1 1 0 1 510 1020 510
i 3 1 1 0 1 255 510 487
i 2 1 1 0 1 300 600 407
i 1 1 1 0 1 255 510 255
i 1 1 1 0 1 765 1530 958
i 3 1 1 0 1 765 1530 765
i 3 1 1 0 1 510 1020 510
i 2 1 1 0 1 255 510 297
i 4 1 1 0 1 255 510 456
i 4 1 1 0 1 765 1530 765
i 2 1 1 0 1 255 510 281
i 1 1 1 0 1 255 510 255
i 3 1 1 0 1 150 300 150
i 2 1 1 0 1 255 510 255
i 2 1 1 0 1 765 1530 1459
i 4 1 1 0 1 255 510 364
i 3 1 1 0 1 255 510 255
i 1 1 1 0 1 765 1530 1031
i 2 1 1 0 1 255 510 255
i 3 1 1 0 1 150 300 150
i 3 1 1 0 1 150 300 181
i 3 1 1 0 1 765 1530 765
i 4 1 1 0 1 765 1530 765
i 1 1 1 0 1 255 510 408
i 3 1 1 0 1 765 1530 1488
i 1 1 1 0 1 255 510 344
i 1 1 1 0 1 150 300 150
i 2 1 1 0 1 255 510 255
i 4 1 1 0 1 150 300 159
i 4 1 1 0 1 765 1530 765
i 4 1 1 0 1 255 510 266
i 1 1 1 0 1 765 1530 1416
i 1 1 1 0 1 150 300 150
i 3 1 1 0 1 765 1530 765
i 4 1 1 0 1 255 510 255
i 2 1 1 0 1 150 300 214
i 2 1 1 0 1 765 1530 765
i 1 1 1 0 1 255 510 475
i 3 1 1 0 1 150 300 253
i 1 1 1 0 1 255 510 255
i 2 1 1 0 1 255 510 434
i 1 1 1 0 1 255 510 474
i 3 1 1 0 1 255 510 477
i 2 1 1 0 1 255 510 255
i 4 1 1 0 1 255 510 255
i 2 1 1 0 1 255 510 255
i 4 1 1 0 1 255 510 435
i 4 1 1 0 1 765 1530 765
i 4 1 1 0 1 255 510 367
i 3 1 1 0 1 765 1530 1398
i 2 1 1 0 1 255 510 255
i 3 1 1 0 1 765 1530 1282
i 4 1 1 0 1 765 1530 1451
i 4 1 1 0 1 510 1020 510
i 1 1 1 0 1 255 510 352
i 1 1 1 0 1 510 1020 510
i 3 1 1 0 1 255 510 255
i 3 1 1 0 1 510 1020 846
i 3 1 1 0 1 765 1530 1266
i 4 1 1 0 1 510 1020 590
i 4 1 1 0 1 255 510 255
i 3 1 1 0 1 255 510 373
i 3 1 1 0 1 510 1020 735
i 3 1 1 0 1 255 510 315
i 4 1 1 0 1 150 300 171
i 3 1 1 0 1 255 510 255
i 3 1 1 0 1 765 1530 1226
i 4 1 1 0 1 255 510 255
i 3 1 1 0 1 765 1530 765
i 1 1 1 0 1 765 1530 765
i 2 1 1 0 1 255 510 255
i 4 1 1 0 1 510 1020 510
i 1 1 1 0 1 255 510 255
i 4 1 1 0 1 255 510 255
i 2 1 1 0 1 255 510 489
i 3 1 1 0 1 255 510 283
i 4 1 1 0 1 255 510 469
i 2 1 1 0 1 255 510 255
i 2 1 1 0 1 255 510 255
i 2 1 1 0 1 765 1530 780
i 3 1 1 0 1 255 510 490
i 1 1 1 0 1 255 510 474
i 2 1 1 0 1 765 1530 765
i 3 1 1 0 1 99 198 99
i 4 1 1 0 1 765 1530 1374
i 3 1 1 0 1 510 1020 510
i 1 1 1 0 1 765 1530 765
i 3 1 1 0 1 255 510 286
i 2 1 1 0 1 255 510 255
i 2 1 1 0 1 255 510 255
i 1 1 1 0 1 255 510 255
i 4 1 1 0 1 765 1530 1209
i 2 1 1 0 1 255 510 497
i 2 1 1 0 1 510 1020 510
i 2 1 1 0 1 765 1530 765
i 2 1 1 0 1 150 300 272
i 2 1 1 0 1 255 510 255
i 3 1 1 0 1 255 510 255
i 4 1 1 0 1 765 1530 765
i 3 1 1 0 1 765 1530 765
i 3 1 1 0 1 150 300 150
i 1 1 1 0 1 510 1020 510
i 4 1 1 0 1 510 1020 630
i 4 1 1 0 1 150 300 193
i 3 1 1 0 1 765 1530 1369
i 3 1 1 0 1 255 510 255
i 4 1 1 0 1 255 510 457
i 2 1 1 0 1 255 510 298
i 1 1 1 0 1 255 510 406
i 2 1 1 0 1 510 1020 510
i 3 1 1 0 1 765 1530 765
i 1 1 1 0 1 150 300 150
i 1 1 1 0 1 765 1530 765
i 2 1 1 0 1 510 1020 742
i 3 1 1 0 1 1020 2040 1182
i 1 1 1 0 1 150 300 242
i 4 1 1 0 1 510 1020 510
i 1 1 1 0 1 255 510 428
i 2 1 1 0 1 255 510 358
i 4 1 1 0 1 255 510 255
i 2 1 1 0 1 765 1530 765
i 3 1 1 0 1 255 510 440
i 1 1 1 0 1 255 510 350
i 4 1 1 0 1 255 510 255
i 2 1 1 0 1 255 510 255
i 4 1 1 0 1 255 510 255
i 2 1 1 0 1 510 1020 510
i 3 1 1 0 1 765 1530 765
i 3 1 1 0 1 765 1530 765
i 3 1 1 0 1 255 510 255
i 2 1 1 0 1 255 510 255
i 2 1 1 0 1 765 1530 765
i 1 1 1 0 1 765 1530 765
i 2 1 1 0 1 99 198 99
i 2 1 1 0 1 765 1530 765
i 3 1 1 0 1 765 1530 765
i 3 1 1 0 1 150 300 150
i 1 1 1 0 1 255 510 255
i 3 1 1 0 1 765 1530 765
i 2 1 1 0 1 255 510 255
i 1 1 1 0 1 255 510 255
i 4 1 1 0 1 255 510 255
i 4 1 1 0 1 510 1020 510
i 1 1 1 0 1 255 510 255
i 4 1 1 0 1 255 510 255
i 1 1 1 0 1 255 510 255
i 3 1 1 0 1 255 510 255
i 4 1 1 0 1 510 1020 510
i 2 1 1 0 1 255 510 255
i 1 1 1 0 1 255 510 255
i 1 1 1 0 1 765 1530 765
i 1 1 1 0 1 510 1020 510
i 3 1 1 0 1 765 1530 765
i 1 1 1 0 1 255 510 255
i 1 1 1 0 1 765 1530 765
i 4 1 1 0 1 150 300 150
i 2 1 1 0 1 765 1530 765
i 4 1 1 0 1 255 510 255
i 4 1 1 0 1 255 510 255
i 3 1 1 0 1 255 510 255
i 4 1 1 0 1 510 1020 510
i 4 1 1 0 1 255 510 255
i 3 1 1 0 1 510 1020 510
i 2 1 1 0 1 765 1530 765
i 1 1 1 0 1 765 1530 765
i 1 1 1 0 1 765 1530 765
i 4 1 1 0 1 255 510 255
i 2 1 1 0 1 255 510 255
i 4 1 1 0 1 1020 2040 1020
i 3 1 1 0 1 765 1530 765
i 1 1 1 0 1 255 510 255
i 2 1 1 0 1 765 1530 765
i 3 1 1 0 1 765 1530 765
i 2 1 1 0 1 765 1530 765
i 1 1 1 0 1 150 300 150
i 1 1 1 0 1 765 1530 765
i 1 1 1 0 1 765 1530 765
i 3 1 1 0 1 510 1020 510
i 2 1 1 0 1 1020 2040 1020
k 13000 1.6
k 13000 1.6
k 13000 1.6
k 36000 3
k 36000 3
k 36000 3
k 36000 3
k 36000 3
