p 6 283 8 1 2 10000 63
i 0 1 1 0 1 425 425 425
i 0 1 1 0 1 1275 1275 1275
i 0 1 1 0 1 425 425 425
i 0 1 1 0 1 425 425 425
i 0 1 1 0 1 425 425 425
i 0 1 1 0 1 1275 1275 1275
i 0 1 1 0 1 1275 1275 1275
i 0 1 1 0 1 990 990 990
i 0 1 1 0 1 425 425 425
i 0 1 1 0 1 250 250 250
i 0 1 1 0 1 250 250 250
i 0 1 1 0 1 425 425 425
i 0 1 1 0 1 250 250 250
i 0 1 1 0 1 850 850 850
i 0 1 1 0 1 330 330 330
i 0 1 1 0 1 425 425 425
i 0 1 1 0 1 425 425 425
i 0 1 1 0 1 425 425 425
i 0 1 1 0 1 1275 1275 1275
i 0 1 1 0 1 425 425 425
i 0 1 1 0 1 425 425 425
i 0 1 1 0 1 425 425 425
i 0 1 1 0 1 2125 2125 2125
i 0 1 1 0 1 425 425 425
i 0 1 1 0 1 425 425 425
i 0 1 1 0 1 1275 1275 1275
i 0 1 1 0 1 495 495 495
i 0 1 1 0 1 1275 1275 1275
i 0 1 1 0 1 425 425 425
i 0 1 1 0 1 910 910 910
i 0 1 1 0 1 1275 1275 1275
i 0 1 1 0 1 1275 1275 1275
i 0 1 1 0 1 1275 1275 1275
i 0 1 1 0 1 250 250 250
i 0 1 1 0 1 1275 1275 1275
i 0 1 1 0 1 425 425 425
i 0 1 1 0 1 425 425 425
i 0 1 1 0 1 2125 2125 2125
i 0 1 1 0 1 915 915 915
i 0 1 1 0 1 425 425 425
i 0 1 1 0 1 850 850 850
i 0 1 1 0 1 425 425 425
i 0 1 1 0 1 425 425 425
i 0 1 1 0 1 425 425 425
i 0 1 1 0 1 1275 1275 1275
i 0 1 1 0 1 425 425 425
i 0 1 1 0 1 425 425 425
i 0 1 1 0 1 330 330 330
i 0 1 1 0 1 425 425 425
i 0 1 1 0 1 425 425 425
i 0 1 1 0 1 1275 1275 1275
i 0 1 1 0 1 425 425 425
i 0 1 1 0 1 425 425 425
i 0 1 1 0 1 425 425 425
i 0 1 1 0 1 425 425 425
i 0 1 1 0 1 250 250 250
i 0 1 1 0 1 250 250 250
i 0 1 1 0 1 1700 1700 1700
i 0 1 1 0 1 425 425 425
i 0 1 1 0 1 250 250 250
i 0 1 1 0 1 425 425 425
i 0 1 1 0 1 2125 2125 2125
i 0 1 1 0 1 1275 1275 1275
i 0 1 1 0 1 425 425 425
i 0 1 1 0 1 425 425 425
i 0 1 1 0 1 425 425 425
i 0 1 1 0 1 425 425 425
i 0 1 1 0 1 1275 1275 1275
i 0 1 1 0 1 850 850 850
i 0 1 1 0 1 1275 1275 1275
i 0 1 1 0 1 425 425 425
i 0 1 1 0 1 425 425 425
i 0 1 1 0 1 165 165 165
i 0 1 1 0 1 1275 1275 1275
i 0 1 1 0 1 1275 1275 1275
i 0 1 1 0 1 500 500 500
i 0 1 1 0 1 425 425 425
i 0 1 1 0 1 425 425 425
i 0 1 1 0 1 425 425 425
i 0 1 1 0 1 425 425 425
i 0 1 1 0 1 425 425 425
i 0 1 1 0 1 495 495 495
i 0 1 1 0 1 425 425 425
i 0 1 1 0 1 425 425 425
i 0 1 1 0 1 425 425 425
i 0 1 1 0 1 1275 1275 1275
i 0 1 1 0 1 1275 1275 1275
i 0 1 1 0 1 425 425 425
i 0 1 1 0 1 425 425 425
i 0 1 1 0 1 1275 1275 1275
i 0 1 1 0 1 425 425 425
i 0 1 1 0 1 1275 1275 1275
i 0 1 1 0 1 250 250 250
i 0 1 1 0 1 425 425 425
i 0 1 1 0 1 425 425 425
i 0 1 1 0 1 1275 1275 1275
i 0 1 1 0 1 425 425 425
i 0 1 1 0 1 500 500 500
i 0 1 1 0 1 425 425 425
i 0 1 1 0 1 425 425 425
i 0 1 1 0 1 850 850 850
i 0 1 1 0 1 250 250 250
i 0 1 1 0 1 425 425 425
i 0 1 1 0 1 425 425 425
i 0 1 1 0 1 425 425 425
i 0 1 1 0 1 1275 1275 1275
i 0 1 1 0 1 580 1740 1077
i 0 1 1 0 1 425 425 425
i 0 1 1 0 1 1275 1275 1275
i 0 1 1 0 1 1275 1275 1275
i 0 1 1 0 1 425 425 425
i 0 1 1 0 1 425 425 425
i 0 1 1 0 1 850 850 850
i 0 1 1 0 1 250 250 250
i 0 1 1 0 1 165 165 165
i 0 1 1 0 1 425 425 425
i 0 1 1 0 1 250 250 250
i 0 1 1 0 1 850 850 850
i 0 1 1 0 1 425 425 425
i 0 1 1 0 1 425 425 425
i 0 1 1 0 1 250 250 250
i 0 1 1 0 1 850 850 850
i 0 1 1 0 1 250 250 250
i 0 1 1 0 1 250 250 250
i 0 1 1 0 1 1275 1275 1275
i 0 1 1 0 1 425 425 425
i 0 1 1 0 1 1275 1275 1275
i 0 1 1 0 1 425 425 425
i 0 1 1 0 1 1275 1275 1275
i 3 1 1 0 1 1275 2550 1275
i 1 1 1 0 1 425 850 425
i 2 1 1 0 1 250 500 251
i 3 1 1 0 1 425 850 506
i 2 1 1 0 1 425 850 785
i 1 1 1 0 1 425 850 425
i 1 1 1 0 1 1275 2550 2051
i 4 1 1 0 1 250 500 250
i 1 1 1 0 1 425 850 425
i 4 1 1 0 1 2550 5100 2550
i 1 1 1 0 1 250 500 368
i 1 1 1 0 1 1275 2550 2238
i 1 1 1 0 1 1275 2550 1275
i 3 1 1 0 1 1275 2550 1275
i 1 1 1 0 1 425 850 425
i 2 1 1 0 1 1275 2550 1275
i 2 1 1 0 1 1275 2550 1275
i 2 1 1 0 1 425 850 425
i 1 1 1 0 1 1275 2550 1859
i 4 1 1 0 1 1275 2550 1275
i 3 1 1 0 1 500 1000 500
i 2 1 1 0 1 580 1160 1077
i 2 1 1 0 1 1275 2550 1275
i 3 1 1 0 1 1275 2550 1275
i 1 1 1 0 1 580 1160 959
i 4 1 1 0 1 1275 2550 1960
i 3 1 1 0 1 425 850 797
i 4 1 1 0 1 1275 2550 1275
i 2 1 1 0 1 425 850 425
i 3 1 1 0 1 1275 2550 1275
i 1 1 1 0 1 1275 2550 1275
i 4 1 1 0 1 425 850 841
i 1 1 1 0 1 1275 2550 1275
i 1 1 1 0 1 250 500 377
i 3 1 1 0 1 425 850 425
i 3 1 1 0 1 425 850 425
i 1 1 1 0 1 425 850 826
i 2 1 1 0 1 425 850 628
i 2 1 1 0 1 425 850 425
i 1 1 1 0 1 425 850 568
i 1 1 1 0 1 495 990 684
i 1 1 1 0 1 425 850 425
i 1 1 1 0 1 1275 2550 1382
i 1 1 1 0 1 425 850 425
i 3 1 1 0 1 250 500 494
i 1 1 1 0 1 425 850 425
i 4 1 1 0 1 425 850 838
i 3 1 1 0 1 1275 2550 1275
i 2 1 1 0 1 1250 2500 1935
i 4 1 1 0 1 1275 2550 2082
i 3 1 1 0 1 425 850 642
i 1 1 1 0 1 250 500 250
i 4 1 1 0 1 1275 2550 1275
i 3 1 1 0 1 250 500 469
i 4 1 1 0 1 425 850 496
i 4 1 1 0 1 425 850 587
i 1 1 1 0 1 425 850 659
i 4 1 1 0 1 425 850 425
i 3 1 1 0 1 1275 2550 1275
i 2 1 1 0 1 425 850 425
i 1 1 1 0 1 910 1820 910
i 4 1 1 0 1 1275 2550 2206
i 2 1 1 0 1 1275 2550 1275
i 1 1 1 0 1 850 1700 850
i 4 1 1 0 1 425 850 425
i 4 1 1 0 1 425 850 630
i 2 1 1 0 1 425 850 661
i 2 1 1 0 1 330 660 330
i 4 1 1 0 1 850 1700 1202
i 2 1 1 0 1 425 850 425
i 4 1 1 0 1 425 850 425
i 2 1 1 0 1 425 850 425
i 1 1 1 0 1 425 850 425
i 2 1 1 0 1 1275 2550 1753
i 3 1 1 0 1 425 850 689
i 3 1 1 0 1 250 500 250
i 2 1 1 0 1 425 850 703
i 2 1 1 0 1 425 850 425
i 3 1 1 0 1 2125 4250 2359
i 3 1 1 0 1 850 1700 1653
i 3 1 1 0 1 425 850 425
i 2 1 1 0 1 1275 2550 1666
i 4 1 1 0 1 500 1000 714
i 2 1 1 0 1 425 850 425
i 2 1 1 0 1 425 850 539
i 1 1 1 0 1 250 500 250
i 3 1 1 0 1 1275 2550 1275
i 1 1 1 0 1 660 1320 1162
i 2 1 1 0 1 425 850 708
i 1 1 1 0 1 250 500 250
i 1 1 1 0 1 425 850 615
i 2 1 1 0 1 850 1700 850
i 2 1 1 0 1 1275 2550 1704
i 1 1 1 0 1 1275 2550 1608
i 2 1 1 0 1 425 850 425
i 1 1 1 0 1 425 850 425
i 1 1 1 0 1 1275 2550 2438
i 3 1 1 0 1 495 990 495
i 4 1 1 0 1 850 1700 850
i 1 1 1 0 1 425 850 516
i 1 1 1 0 1 425 850 425
i 3 1 1 0 1 1275 2550 2435
i 2 1 1 0 1 425 850 425
i 2 1 1 0 1 425 850 425
i 2 1 1 0 1 425 850 425
i 2 1 1 0 1 425 850 425
i 2 1 1 0 1 250 500 250
i 2 1 1 0 1 425 850 826
i 2 1 1 0 1 425 850 425
i 1 1 1 0 1 1275 2550 2486
i 3 1 1 0 1 425 850 660
i 4 1 1 0 1 250 500 250
i 1 1 1 0 1 990 1980 990
i 4 1 1 0 1 580 1160 580
i 4 1 1 0 1 1275 2550 1275
i 3 1 1 0 1 1275 2550 2009
i 4 1 1 0 1 1275 2550 1275
i 3 1 1 0 1 1275 2550 2466
i 4 1 1 0 1 425 850 425
i 1 1 1 0 1 425 850 425
i 2 1 1 0 1 250 500 250
i 4 1 1 0 1 1275 2550 1275
i 3 1 1 0 1 250 500 332
i 2 1 1 0 1 425 850 425
i 4 1 1 0 1 1275 2550 1275
i 2 1 1 0 1 425 850 425
i 1 1 1 0 1 425 850 425
i 1 1 1 0 1 425 850 425
i 2 1 1 0 1 500 1000 500
i 1 1 1 0 1 425 850 425
i 4 1 1 0 1 250 500 250
i 4 1 1 0 1 500 1000 500
i 3 1 1 0 1 660 1320 660
i 2 1 1 0 1 425 850 486
i 1 1 1 0 1 425 850 425
i 1 1 1 0 1 425 850 574
i 1 1 1 0 1 425 850 425
i 4 1 1 0 1 425 850 425
i 3 1 1 0 1 1275 2550 1275
i 2 1 1 0 1 425 850 821
i 2 1 1 0 1 425 850 584
i 3 1 1 0 1 425 850 425
i 2 1 1 0 1 1275 2550 2332
i 4 1 1 0 1 1700 3400 1700
i 4 1 1 0 1 425 850 604
i 3 1 1 0 1 425 850 425
i 3 1 1 0 1 425 850 425
i 2 1 1 0 1 1275 2550 1275
i 3 1 1 0 1 250 500 326
i 4 1 1 0 1 425 850 609
i 2 1 1 0 1 1275 2550 2396
i 3 1 1 0 1 425 850 425
i 2 1 1 0 1 1275 2550 1779
i 2 1 1 0 1 165 330 165
k 13000 1.6
k 13000 1.6
k 13000 1.6
k 36000 3
k 36000 3
k 36000 3
k 36000 3
k 36000 3
