p 6 234 9 1 2 10000 50
i 0 1 1 0 1 425 425 425
i 0 1 1 0 1 425 425 425
i 0 1 1 0 1 1275 1275 1275
i 0 1 1 0 1 425 425 425
i 0 1 1 0 1 250 250 250
i 0 1 1 0 1 1275 1275 1275
i 0 1 1 0 1 1275 1275 1275
i 0 1 1 0 1 1275 1275 1275
i 0 1 1 0 1 165 165 165
i 0 1 1 0 1 425 425 425
i 0 1 1 0 1 250 250 250
i 0 1 1 0 1 425 425 425
i 0 1 1 0 1 1275 1275 1275
i 0 1 1 0 1 250 250 250
i 0 1 1 0 1 1275 1275 1275
i 0 1 1 0 1 425 425 425
i 0 1 1 0 1 1275 1275 1275
i 0 1 1 0 1 250 250 250
i 0 1 1 0 1 425 425 425
i 0 1 1 0 1 1275 1275 1275
i 0 1 1 0 1 1275 1275 1275
i 0 1 1 0 1 2550 2550 2550
i 0 1 1 0 1 1275 1275 1275
i 0 1 1 0 1 850 850 850
i 0 1 1 0 1 850 850 850
i 0 1 1 0 1 1275 1275 1275
i 0 1 1 0 1 425 425 425
i 0 1 1 0 1 1275 1275 1275
i 0 1 1 0 1 850 850 850
i 0 1 1 0 1 165 165 165
i 0 1 1 0 1 1700 1700 1700
i 0 1 1 0 1 425 425 425
i 0 1 1 0 1 425 425 425
i 0 1 1 0 1 1275 1275 1275
i 0 1 1 0 1 850 850 850
i 0 1 1 0 1 1275 1275 1275
i 0 1 1 0 1 425 425 425
i 0 1 1 0 1 1275 1275 1275
i 0 1 1 0 1 500 500 500
i 0 1 1 0 1 1275 1275 1275
i 0 1 1 0 1 250 250 250
i 0 1 1 0 1 425 425 425
i 2 1 1 0 1 1275 3825 2881
i 1 1 1 0 1 2125 6375 4539
i 2 1 1 0 1 1700 5100 1700
i 2 1 1 0 1 1275 3825 3417
i 1 1 1 0 1 425 1275 952
i 3 1 1 0 1 425 1275 425
i 3 1 1 0 1 850 2550 850
i 1 1 1 0 1 1275 3825 1760
i 4 1 1 0 1 1275 3825 1794
i 2 1 1 0 1 1275 3825 1275
i 2 1 1 0 1 1275 3825 1506
i 4 1 1 0 1 425 1275 831
i 1 1 1 0 1 1700 5100 1700
i 2 1 1 0 1 425 1275 425
i 2 1 1 0 1 1700 5100 1700
i 3 1 1 0 1 1275 3825 3103
i 3 1 1 0 1 1275 3825 1275
i 4 1 1 0 1 1275 3825 1275
i 2 1 1 0 1 250 750 556
i 4 1 1 0 1 250 750 514
i 2 1 1 0 1 425 1275 425
i 2 1 1 0 1 1275 3825 3152
i 3 1 1 0 1 1275 3825 3032
i 1 1 1 0 1 425 1275 425
i 4 1 1 0 1 425 1275 425
i 4 1 1 0 1 1275 3825 1275
i 1 1 1 0 1 1275 3825 1811
i 3 1 1 0 1 425 1275 425
i 2 1 1 0 1 250 750 250
i 1 1 1 0 1 425 1275 1069
i 2 1 1 0 1 425 1275 471
i 2 1 1 0 1 250 750 717
i 1 1 1 0 1 1275 3825 1275
i 2 1 1 0 1 425 1275 425
i 2 1 1 0 1 1275 3825 1275
i 1 1 1 0 1 1275 3825 1275
i 2 1 1 0 1 1275 3825 2222
i 2 1 1 0 1 1275 3825 1275
i 1 1 1 0 1 425 1275 1061
i 4 1 1 0 1 1275 3825 2050
i 3 1 1 0 1 250 750 353
i 1 1 1 0 1 1275 3825 2671
i 2 1 1 0 1 250 750 250
i 1 1 1 0 1 1275 3825 3431
i 1 1 1 0 1 425 1275 728
i 2 1 1 0 1 425 1275 1215
i 2 1 1 0 1 425 1275 425
i 1 1 1 0 1 425 1275 583
i 4 1 1 0 1 1275 3825 3176
i 3 1 1 0 1 1275 3825 3407
i 4 1 1 0 1 425 1275 425
i 3 1 1 0 1 425 1275 507
i 4 1 1 0 1 425 1275 425
i 3 1 1 0 1 1275 3825 2562
i 3 1 1 0 1 1275 3825 2234
i 2 1 1 0 1 250 750 490
i 2 1 1 0 1 850 2550 907
i 4 1 1 0 1 425 1275 582
i 1 1 1 0 1 1275 3825 1275
i 2 1 1 0 1 425 1275 425
i 4 1 1 0 1 1275 3825 1275
i 2 1 1 0 1 2125 6375 5097
i 3 1 1 0 1 1275 3825 1275
i 2 1 1 0 1 165 495 165
i 3 1 1 0 1 425 1275 1032
i 4 1 1 0 1 1275 3825 1275
i 4 1 1 0 1 1275 3825 3262
i 3 1 1 0 1 1275 3825 2740
i 4 1 1 0 1 1275 3825 1275
i 4 1 1 0 1 165 495 165
i 1 1 1 0 1 1275 3825 1275
i 4 1 1 0 1 425 1275 425
i 2 1 1 0 1 425 1275 425
i 1 1 1 0 1 165 495 353
i 2 1 1 0 1 425 1275 425
i 3 1 1 0 1 250 750 604
i 2 1 1 0 1 2550 7650 2550
i 3 1 1 0 1 1275 3825 2944
i 4 1 1 0 1 1275 3825 1275
i 4 1 1 0 1 1275 3825 2959
i 4 1 1 0 1 1275 3825 1275
i 2 1 1 0 1 250 750 250
i 4 1 1 0 1 1275 3825 1408
i 4 1 1 0 1 250 750 250
i 3 1 1 0 1 425 1275 665
i 2 1 1 0 1 2125 6375 2125
i 2 1 1 0 1 425 1275 425
i 4 1 1 0 1 425 1275 425
i 4 1 1 0 1 425 1275 425
i 4 1 1 0 1 165 495 493
i 3 1 1 0 1 1275 3825 1275
i 4 1 1 0 1 165 495 431
i 4 1 1 0 1 500 1500 1182
i 1 1 1 0 1 1275 3825 1884
i 2 1 1 0 1 250 750 668
i 1 1 1 0 1 165 495 305
i 4 1 1 0 1 165 495 165
i 1 1 1 0 1 1275 3825 1275
i 1 1 1 0 1 425 1275 425
i 3 1 1 0 1 425 1275 425
i 4 1 1 0 1 1275 3825 1275
i 4 1 1 0 1 1275 3825 1275
i 2 1 1 0 1 250 750 250
i 3 1 1 0 1 1275 3825 1275
i 1 1 1 0 1 850 2550 850
i 1 1 1 0 1 850 2550 850
i 4 1 1 0 1 1275 3825 1275
i 4 1 1 0 1 250 750 250
i 4 1 1 0 1 425 1275 425
i 3 1 1 0 1 1275 3825 1275
i 3 1 1 0 1 425 1275 425
i 1 1 1 0 1 425 1275 425
i 3 1 1 0 1 425 1275 425
i 3 1 1 0 1 1275 3825 1275
i 3 1 1 0 1 1275 3825 1275
i 1 1 1 0 1 250 750 250
i 4 1 1 0 1 425 1275 425
i 4 1 1 0 1 250 750 250
i 4 1 1 0 1 250 750 250
i 2 1 1 0 1 500 1500 500
i 2 1 1 0 1 425 1275 425
i 4 1 1 0 1 425 1275 425
i 1 1 1 0 1 1275 3825 1275
i 1 1 1 0 1 1275 3825 1275
i 3 1 1 0 1 165 495 165
i 4 1 1 0 1 425 1275 425
i 2 1 1 0 1 250 750 250
i 2 1 1 0 1 250 750 250
i 1 1 1 0 1 425 1275 425
i 1 1 1 0 1 250 750 250
i 2 1 1 0 1 1275 3825 1275
i 3 1 1 0 1 425 1275 425
i 3 1 1 0 1 1275 3825 1275
i 3 1 1 0 1 1275 3825 1275
i 4 1 1 0 1 1275 3825 1275
i 2 1 1 0 1 1275 3825 1275
i 1 1 1 0 1 1275 3825 1275
i 4 1 1 0 1 425 1275 425
i 3 1 1 0 1 1275 3825 1275
i 4 1 1 0 1 425 1275 425
i 4 1 1 0 1 425 1275 425
i 3 1 1 0 1 165 495 165
i 1 1 1 0 1 1275 3825 1275
i 2 1 1 0 1 250 750 250
i 3 1 1 0 1 1275 3825 1275
i 4 1 1 0 1 425 1275 425
i 3 1 1 0 1 500 1500 500
i 1 1 1 0 1 1275 3825 1275
i 2 1 1 0 1 1275 3825 1275
i 2 1 1 0 1 425 1275 425
i 1 1 1 0 1 425 1275 425
i 2 1 1 0 1 425 1275 425
i 2 1 1 0 1 1275 3825 1275
i 3 1 1 0 1 1275 3825 1275
i 3 1 1 0 1 425 1275 425
i 1 1 1 0 1 165 495 165
i 2 1 1 0 1 425 1275 425
i 3 1 1 0 1 165 495 165
i 3 1 1 0 1 425 1275 425
i 1 1 1 0 1 500 1500 500
i 2 1 1 0 1 1275 3825 1275
i 2 1 1 0 1 425 1275 425
i 2 1 1 0 1 1275 3825 1275
i 2 1 1 0 1 425 1275 425
i 3 1 1 0 1 425 1275 425
i 3 1 1 0 1 1275 3825 1275
i 2 1 1 0 1 1275 3825 1275
i 4 1 1 0 1 1275 3825 1275
i 3 1 1 0 1 1275 3825 1275
i 2 1 1 0 1 425 1275 425
i 3 1 1 0 1 1275 3825 1275
i 4 1 1 0 1 425 1275 425
i 1 1 1 0 1 250 750 250
i 1 1 1 0 1 1275 3825 1275
i 3 1 1 0 1 1275 3825 1275
i 3 1 1 0 1 1700 5100 1700
i 1 1 1 0 1 165 495 165
i 4 1 1 0 1 1275 3825 1275
i 4 1 1 0 1 425 1275 425
i 3 1 1 0 1 850 2550 850
i 2 1 1 0 1 1275 3825 1275
i 2 1 1 0 1 1275 3825 1275
i 3 1 1 0 1 1275 3825 1275
i 2 1 1 0 1 1275 3825 1275
i 3 1 1 0 1 425 1275 425
i 1 1 1 0 1 250 750 250
i 1 1 1 0 1 250 750 250
i 1 1 1 0 1 250 750 250
i 1 1 1 0 1 1275 3825 1275
i 3 1 1 0 1 1275 3825 1275
i 1 1 1 0 1 1275 3825 1275
i 4 1 1 0 1 250 750 250
k 13000 1.6
k 13000 1.6
k 13000 1.6
k 36000 3
k 36000 3
k 36000 3
k 36000 3
k 36000 3
k 36000 3
