p 6 210 8 1 2 10000 54
i 1 1 1 0 1 765 2295 1982
i 4 1 1 0 1 765 2295 1523
i 1 1 1 0 1 255 765 255
i 4 1 1 0 1 510 1530 510
i 2 1 1 0 1 150 450 394
i 3 1 1 0 1 1020 3060 1020
i 3 1 1 0 1 765 2295 765
i 4 1 1 0 1 150 450 431
i 3 1 1 0 1 255 765 255
i 2 1 1 0 1 255 765 351
i 3 1 1 0 1 99 297 110
i 3 1 1 0 1 150 450 150
i 4 1 1 0 1 765 2295 765
i 1 1 1 0 1 255 765 255
i 4 1 1 0 1 765 2295 2004
i 4 1 1 0 1 765 2295 1527
i 4 1 1 0 1 765 2295 1340
i 4 1 1 0 1 255 765 255
i 2 1 1 0 1 765 2295 1492
i 1 1 1 0 1 99 297 99
i 4 1 1 0 1 765 2295 765
i 1 1 1 0 1 1020 3060 2243
i 2 1 1 0 1 255 765 495
i 2 1 1 0 1 255 765 611
i 4 1 1 0 1 255 765 255
i 3 1 1 0 1 765 2295 765
i 3 1 1 0 1 765 2295 1276
i 4 1 1 0 1 510 1530 510
i 1 1 1 0 1 765 2295 1693
i 2 1 1 0 1 255 765 687
i 2 1 1 0 1 150 450 325
i 3 1 1 0 1 510 1530 510
i 4 1 1 0 1 510 1530 899
i 1 1 1 0 1 1530 4590 1530
i 1 1 1 0 1 255 765 255
i 1 1 1 0 1 765 2295 765
i 4 1 1 0 1 765 2295 2128
i 3 1 1 0 1 255 765 255
i 1 1 1 0 1 255 765 255
i 1 1 1 0 1 255 765 671
i 2 1 1 0 1 255 765 255
i 3 1 1 0 1 150 450 361
i 4 1 1 0 1 510 1530 1045
i 3 1 1 0 1 255 765 255
i 1 1 1 0 1 255 765 255
i 4 1 1 0 1 765 2295 765
i 4 1 1 0 1 510 1530 1047
i 2 1 1 0 1 510 1530 510
i 3 1 1 0 1 765 2295 765
i 1 1 1 0 1 510 1530 510
i 2 1 1 0 1 255 765 255
i 4 1 1 0 1 255 765 255
i 4 1 1 0 1 510 1530 510
i 1 1 1 0 1 1530 4590 1530
i 1 1 1 0 1 510 1530 977
i 3 1 1 0 1 765 2295 2116
i 1 1 1 0 1 255 765 255
i 2 1 1 0 1 510 1530 1372
i 4 1 1 0 1 765 2295 1705
i 1 1 1 0 1 765 2295 765
i 2 1 1 0 1 255 765 255
i 1 1 1 0 1 150 450 171
i 3 1 1 0 1 510 1530 560
i 3 1 1 0 1 255 765 255
i 1 1 1 0 1 765 2295 765
i 1 1 1 0 1 255 765 465
i 2 1 1 0 1 300 900 733
i 4 1 1 0 1 765 2295 1486
i 2 1 1 0 1 255 765 496
i 4 1 1 0 1 510 1530 1288
i 3 1 1 0 1 99 297 229
i 2 1 1 0 1 255 765 255
i 2 1 1 0 1 99 297 211
i 3 1 1 0 1 150 450 231
i 3 1 1 0 1 255 765 516
i 3 1 1 0 1 765 2295 765
i 2 1 1 0 1 255 765 268
i 2 1 1 0 1 765 2295 1365
i 1 1 1 0 1 255 765 493
i 3 1 1 0 1 765 2295 765
i 4 1 1 0 1 255 765 255
i 3 1 1 0 1 765 2295 765
i 2 1 1 0 1 150 450 150
i 3 1 1 0 1 255 765 255
i 3 1 1 0 1 765 2295 2282
i 2 1 1 0 1 765 2295 805
i 3 1 1 0 1 765 2295 765
i 2 1 1 0 1 765 2295 765
i 4 1 1 0 1 255 765 255
i 1 1 1 0 1 510 1530 1496
i 1 1 1 0 1 255 765 539
i 2 1 1 0 1 765 2295 765
i 3 1 1 0 1 255 765 272
i 2 1 1 0 1 510 1530 510
i 2 1 1 0 1 255 765 255
i 2 1 1 0 1 255 765 255
i 3 1 1 0 1 150 450 396
i 4 1 1 0 1 765 2295 765
i 3 1 1 0 1 510 1530 510
i 4 1 1 0 1 99 297 129
i 2 1 1 0 1 765 2295 987
i 3 1 1 0 1 150 450 320
i 2 1 1 0 1 255 765 348
i 2 1 1 0 1 255 765 287
i 2 1 1 0 1 765 2295 1204
i 1 1 1 0 1 255 765 384
i 4 1 1 0 1 255 765 255
i 4 1 1 0 1 510 1530 510
i 2 1 1 0 1 510 1530 510
i 2 1 1 0 1 765 2295 765
i 1 1 1 0 1 765 2295 765
i 4 1 1 0 1 765 2295 765
i 3 1 1 0 1 150 450 150
i 4 1 1 0 1 510 1530 510
i 1 1 1 0 1 255 765 255
i 4 1 1 0 1 255 765 255
i 4 1 1 0 1 150 450 150
i 4 1 1 0 1 150 450 150
i 3 1 1 0 1 255 765 255
i 1 1 1 0 1 255 765 255
i 2 1 1 0 1 255 765 255
i 1 1 1 0 1 255 765 255
i 1 1 1 0 1 765 2295 765
i 2 1 1 0 1 255 765 255
i 1 1 1 0 1 150 450 150
i 1 1 1 0 1 255 765 255
i 4 1 1 0 1 765 2295 765
i 4 1 1 0 1 1020 3060 1020
i 2 1 1 0 1 255 765 255
i 3 1 1 0 1 765 2295 765
i 2 1 1 0 1 765 2295 765
i 4 1 1 0 1 510 1530 510
i 3 1 1 0 1 765 2295 765
i 2 1 1 0 1 765 2295 765
i 4 1 1 0 1 150 450 150
i 1 1 1 0 1 255 765 255
i 1 1 1 0 1 765 2295 765
i 2 1 1 0 1 510 1530 510
i 3 1 1 0 1 255 765 255
i 1 1 1 0 1 765 2295 765
i 3 1 1 0 1 255 765 255
i 4 1 1 0 1 150 450 150
i 3 1 1 0 1 150 450 150
i 1 1 1 0 1 255 765 255
i 4 1 1 0 1 510 1530 510
i 2 1 1 0 1 765 2295 765
i 3 1 1 0 1 255 765 255
i 1 1 1 0 1 255 765 255
i 1 1 1 0 1 255 765 255
i 3 1 1 0 1 510 1530 510
i 1 1 1 0 1 765 2295 765
i 1 1 1 0 1 510 1530 510
i 3 1 1 0 1 255 765 255
i 4 1 1 0 1 255 765 255
i 1 1 1 0 1 765 2295 765
i 4 1 1 0 1 150 450 150
i 1 1 1 0 1 255 765 255
i 4 1 1 0 1 255 765 255
i 3 1 1 0 1 255 765 255
i 3 1 1 0 1 765 2295 765
i 1 1 1 0 1 510 1530 510
i 3 1 1 0 1 255 765 255
i 2 1 1 0 1 255 765 255
i 3 1 1 0 1 510 1530 510
i 3 1 1 0 1 765 2295 765
i 1 1 1 0 1 150 450 150
i 1 1 1 0 1 765 2295 765
i 2 1 1 0 1 510 1530 510
i 3 1 1 0 1 255 765 255
i 4 1 1 0 1 255 765 255
i 4 1 1 0 1 765 2295 765
i 2 1 1 0 1 255 765 255
i 4 1 1 0 1 255 765 255
i 2 1 1 0 1 150 450 150
i 4 1 1 0 1 510 1530 510
i 4 1 1 0 1 765 2295 765
i 3 1 1 0 1 255 765 255
i 1 1 1 0 1 255 765 255
i 3 1 1 0 1 255 765 255
i 1 1 1 0 1 255 765 255
i 1 1 1 0 1 150 450 150
i 1 1 1 0 1 765 2295 765
i 2 1 1 0 1 765 2295 765
i 1 1 1 0 1 510 1530 510
i 1 1 1 0 1 150 450 150
i 4 1 1 0 1 765 2295 765
i 2 1 1 0 1 255 765 255
i 2 1 1 0 1 255 765 255
i 1 1 1 0 1 1020 3060 1020
i 2 1 1 0 1 150 450 150
i 1 1 1 0 1 765 2295 765
i 2 1 1 0 1 255 765 255
i 3 1 1 0 1 765 2295 765
i 1 1 1 0 1 150 450 150
i 4 1 1 0 1 510 1530 510
i 2 1 1 0 1 255 765 255
i 2 1 1 0 1 255 765 255
i 3 1 1 0 1 255 765 255
i 2 1 1 0 1 255 765 255
i 1 1 1 0 1 255 765 255
i 4 1 1 0 1 150 450 150
i 3 1 1 0 1 255 765 255
i 1 1 1 0 1 255 765 255
i 4 1 1 0 1 765 2295 765
i 3 1 1 0 1 150 450 150
i 2 1 1 0 1 765 2295 765
i 4 1 1 0 1 255 765 255
i 4 1 1 0 1 255 765 255
i 1 1 1 0 1 255 765 255
i 4 1 1 0 1 255 765 255
k 13000 1.6
k 13000 1.6
k 13000 1.6
k 36000 3
k 36000 3
k 36000 3
k 36000 3
k 36000 3
