p 6 234 9 1 2 10000 50
i 0 1 1 0 1 425 425 425
i 0 1 1 0 1 425 425 425
i 0 1 1 0 1 1275 1275 1275
i 0 1 1 0 1 425 425 425
i 0 1 1 0 1 250 250 250
i 0 1 1 0 1 1275 1275 1275
i 0 1 1 0 1 1275 1275 1275
i 0 1 1 0 1 1275 1275 1275
i 0 1 1 0 1 165 165 165
i 0 1 1 0 1 425 425 425
i 0 1 1 0 1 250 250 250
i 0 1 1 0 1 425 425 425
i 0 1 1 0 1 1275 1275 1275
i 0 1 1 0 1 250 250 250
i 0 1 1 0 1 1275 1275 1275
i 0 1 1 0 1 425 425 425
i 0 1 1 0 1 1275 1275 1275
i 0 1 1 0 1 250 250 250
i 0 1 1 0 1 425 425 425
i 0 1 1 0 1 1275 1275 1275
i 0 1 1 0 1 1275 1275 1275
i 0 1 1 0 1 2550 2550 2550
i 0 1 1 0 1 1275 1275 1275
i 0 1 1 0 1 850 850 850
i 0 1 1 0 1 850 850 850
i 0 1 1 0 1 1275 1275 1275
i 0 1 1 0 1 425 425 425
i 0 1 1 0 1 1275 1275 1275
i 0 1 1 0 1 850 850 850
i 0 1 1 0 1 165 165 165
i 0 1 1 0 1 1700 1700 1700
i 0 1 1 0 1 425 425 425
i 0 1 1 0 1 425 425 425
i 0 1 1 0 1 1275 1275 1275
i 0 1 1 0 1 850 850 850
i 0 1 1 0 1 1275 1275 1275
i 0 1 1 0 1 425 425 425
i 0 1 1 0 1 1275 1275 1275
i 0 1 1 0 1 500 500 500
i 0 1 1 0 1 1275 1275 1275
i 0 1 1 0 1 250 250 250
i 0 1 1 0 1 425 425 425
i 1 1 1 0 1 1275 3825 1275
i 2 1 1 0 1 425 1275 1057
i 1 1 1 0 1 425 1275 944
i 3 1 1 0 1 1275 3825 1275
i 4 1 1 0 1 1275 3825 2034
i 3 1 1 0 1 1275 3825 1275
i 4 1 1 0 1 425 1275 425
i 2 1 1 0 1 1275 3825 3560
i 4 1 1 0 1 165 495 484
i 4 1 1 0 1 425 1275 425
i 4 1 1 0 1 425 1275 602
i 1 1 1 0 1 1275 3825 1275
i 1 1 1 0 1 1275 3825 1275
i 3 1 1 0 1 1275 3825 1275
i 1 1 1 0 1 425 1275 1099
i 1 1 1 0 1 425 1275 1203
i 2 1 1 0 1 1275 3825 1275
i 2 1 1 0 1 1275 3825 1275
i 1 1 1 0 1 1275 3825 1275
i 2 1 1 0 1 425 1275 425
i 1 1 1 0 1 1275 3825 1275
i 3 1 1 0 1 850 2550 850
i 4 1 1 0 1 425 1275 899
i 3 1 1 0 1 425 1275 565
i 2 1 1 0 1 425 1275 425
i 4 1 1 0 1 250 750 250
i 2 1 1 0 1 250 750 609
i 2 1 1 0 1 1275 3825 2658
i 4 1 1 0 1 1275 3825 1275
i 2 1 1 0 1 1275 3825 1275
i 2 1 1 0 1 250 750 250
i 3 1 1 0 1 1275 3825 1527
i 4 1 1 0 1 425 1275 973
i 4 1 1 0 1 1275 3825 1275
i 3 1 1 0 1 425 1275 1187
i 4 1 1 0 1 165 495 165
i 2 1 1 0 1 425 1275 782
i 3 1 1 0 1 1275 3825 1275
i 1 1 1 0 1 1275 3825 2136
i 2 1 1 0 1 1275 3825 1275
i 2 1 1 0 1 850 2550 1067
i 2 1 1 0 1 165 495 165
i 4 1 1 0 1 250 750 721
i 1 1 1 0 1 1275 3825 1275
i 4 1 1 0 1 425 1275 780
i 2 1 1 0 1 2550 7650 2550
i 2 1 1 0 1 425 1275 520
i 3 1 1 0 1 1275 3825 1275
i 1 1 1 0 1 850 2550 850
i 2 1 1 0 1 425 1275 1148
i 3 1 1 0 1 1275 3825 1275
i 4 1 1 0 1 1275 3825 1275
i 3 1 1 0 1 425 1275 635
i 4 1 1 0 1 1275 3825 1275
i 3 1 1 0 1 425 1275 762
i 2 1 1 0 1 1275 3825 2021
i 4 1 1 0 1 425 1275 425
i 3 1 1 0 1 250 750 554
i 4 1 1 0 1 1275 3825 1275
i 2 1 1 0 1 1275 3825 1275
i 4 1 1 0 1 1275 3825 1275
i 3 1 1 0 1 165 495 301
i 1 1 1 0 1 1275 3825 1275
i 2 1 1 0 1 425 1275 1260
i 3 1 1 0 1 250 750 250
i 3 1 1 0 1 500 1500 724
i 2 1 1 0 1 425 1275 1129
i 2 1 1 0 1 500 1500 500
i 1 1 1 0 1 1275 3825 1275
i 4 1 1 0 1 250 750 250
i 3 1 1 0 1 1700 5100 1700
i 4 1 1 0 1 1275 3825 1275
i 3 1 1 0 1 1275 3825 1275
i 2 1 1 0 1 250 750 250
i 1 1 1 0 1 165 495 165
i 1 1 1 0 1 1700 5100 3213
i 1 1 1 0 1 425 1275 425
i 3 1 1 0 1 425 1275 425
i 4 1 1 0 1 250 750 746
i 4 1 1 0 1 1275 3825 2734
i 3 1 1 0 1 1275 3825 1275
i 4 1 1 0 1 425 1275 919
i 1 1 1 0 1 250 750 297
i 3 1 1 0 1 425 1275 425
i 1 1 1 0 1 425 1275 425
i 4 1 1 0 1 1275 3825 2036
i 4 1 1 0 1 1275 3825 1275
i 4 1 1 0 1 1275 3825 1275
i 2 1 1 0 1 250 750 301
i 4 1 1 0 1 1275 3825 1275
i 1 1 1 0 1 165 495 315
i 1 1 1 0 1 1275 3825 3187
i 2 1 1 0 1 1275 3825 1816
i 1 1 1 0 1 250 750 250
i 2 1 1 0 1 425 1275 626
i 3 1 1 0 1 1275 3825 1873
i 1 1 1 0 1 1275 3825 1275
i 2 1 1 0 1 1275 3825 1275
i 2 1 1 0 1 1275 3825 3405
i 2 1 1 0 1 250 750 656
i 2 1 1 0 1 1700 5100 1700
i 3 1 1 0 1 1275 3825 1275
i 3 1 1 0 1 165 495 165
i 1 1 1 0 1 250 750 250
i 1 1 1 0 1 1275 3825 1584
i 3 1 1 0 1 425 1275 727
i 1 1 1 0 1 425 1275 1215
i 3 1 1 0 1 1275 3825 1275
i 2 1 1 0 1 1700 5100 4694
i 4 1 1 0 1 425 1275 443
i 3 1 1 0 1 425 1275 425
i 3 1 1 0 1 425 1275 1164
i 1 1 1 0 1 1275 3825 1275
i 3 1 1 0 1 425 1275 425
i 3 1 1 0 1 165 495 165
i 1 1 1 0 1 1275 3825 1275
i 4 1 1 0 1 425 1275 425
i 3 1 1 0 1 1275 3825 1275
i 3 1 1 0 1 1275 3825 1275
i 3 1 1 0 1 1275 3825 1275
i 3 1 1 0 1 425 1275 425
i 2 1 1 0 1 425 1275 425
i 2 1 1 0 1 425 1275 425
i 2 1 1 0 1 1275 3825 1275
i 3 1 1 0 1 850 2550 850
i 4 1 1 0 1 425 1275 425
i 4 1 1 0 1 425 1275 425
i 4 1 1 0 1 1275 3825 1275
i 3 1 1 0 1 1275 3825 1275
i 3 1 1 0 1 1275 3825 1275
i 2 1 1 0 1 425 1275 425
i 2 1 1 0 1 1275 3825 1275
i 3 1 1 0 1 1275 3825 1275
i 4 1 1 0 1 1275 3825 1275
i 2 1 1 0 1 425 1275 425
i 3 1 1 0 1 425 1275 425
i 3 1 1 0 1 1275 3825 1275
i 2 1 1 0 1 1275 3825 1275
i 2 1 1 0 1 1275 3825 1275
i 1 1 1 0 1 1275 3825 1275
i 1 1 1 0 1 1275 3825 1275
i 2 1 1 0 1 250 750 250
i 3 1 1 0 1 1275 3825 1275
i 3 1 1 0 1 1275 3825 1275
i 3 1 1 0 1 1275 3825 1275
i 1 1 1 0 1 425 1275 425
i 2 1 1 0 1 250 750 250
i 4 1 1 0 1 425 1275 425
i 4 1 1 0 1 425 1275 425
i 4 1 1 0 1 1275 3825 1275
i 4 1 1 0 1 250 750 250
i 1 1 1 0 1 250 750 250
i 4 1 1 0 1 1275 3825 1275
i 1 1 1 0 1 165 495 165
i 4 1 1 0 1 1275 3825 1275
i 2 1 1 0 1 250 750 250
i 2 1 1 0 1 425 1275 425
i 1 1 1 0 1 500 1500 500
i 2 1 1 0 1 250 750 250
i 2 1 1 0 1 425 1275 425
i 1 1 1 0 1 1275 3825 1275
i 1 1 1 0 1 425 1275 425
i 2 1 1 0 1 250 750 250
i 1 1 1 0 1 850 2550 850
i 4 1 1 0 1 425 1275 425
i 4 1 1 0 1 165 495 165
i 1 1 1 0 1 165 495 165
i 3 1 1 0 1 1275 3825 1275
i 2 1 1 0 1 250 750 250
i 2 1 1 0 1 1275 3825 1275
i 1 1 1 0 1 425 1275 425
i 1 1 1 0 1 250 750 250
i 2 1 1 0 1 1275 3825 1275
i 3 1 1 0 1 1275 3825 1275
i 2 1 1 0 1 2125 6375 2125
i 2 1 1 0 1 425 1275 425
i 4 1 1 0 1 425 1275 425
i 2 1 1 0 1 1275 3825 1275
i 1 1 1 0 1 250 750 250
i 4 1 1 0 1 500 1500 500
i 4 1 1 0 1 425 1275 425
i 2 1 1 0 1 425 1275 425
i 4 1 1 0 1 1275 3825 1275
i 4 1 1 0 1 425 1275 425
i 3 1 1 0 1 1275 3825 1275
i 1 1 1 0 1 425 1275 425
i 2 1 1 0 1 2125 6375 2125
i 1 1 1 0 1 1275 3825 1275
i 3 1 1 0 1 425 1275 425
i 4 1 1 0 1 165 495 165
i 4 1 1 0 1 250 750 250
i 1 1 1 0 1 2125 6375 2125
k 13000 1.6
k 13000 1.6
k 13000 1.6
k 36000 3
k 36000 3
k 36000 3
k 36000 3
k 36000 3
k 36000 3
