p 6 234 9 1 2 10000 50
i 0 1 1 0 1 425 425 425
i 0 1 1 0 1 425 425 425
i 0 1 1 0 1 1275 1275 1275
i 0 1 1 0 1 425 425 425
i 0 1 1 0 1 250 250 250
i 0 1 1 0 1 1275 1275 1275
i 0 1 1 0 1 1275 1275 1275
i 0 1 1 0 1 1275 1275 1275
i 0 1 1 0 1 165 165 165
i 0 1 1 0 1 425 425 425
i 0 1 1 0 1 250 250 250
i 0 1 1 0 1 425 425 425
i 0 1 1 0 1 1275 1275 1275
i 0 1 1 0 1 250 250 250
i 0 1 1 0 1 1275 1275 1275
i 0 1 1 0 1 425 425 425
i 0 1 1 0 1 1275 1275 1275
i 0 1 1 0 1 250 250 250
i 0 1 1 0 1 425 425 425
i 0 1 1 0 1 1275 1275 1275
i 0 1 1 0 1 1275 1275 1275
i 0 1 1 0 1 2550 2550 2550
i 0 1 1 0 1 1275 1275 1275
i 0 1 1 0 1 850 850 850
i 0 1 1 0 1 850 850 850
i 0 1 1 0 1 1275 1275 1275
i 0 1 1 0 1 425 425 425
i 0 1 1 0 1 1275 1275 1275
i 0 1 1 0 1 850 850 850
i 0 1 1 0 1 165 165 165
i 0 1 1 0 1 1700 1700 1700
i 0 1 1 0 1 425 425 425
i 0 1 1 0 1 425 425 425
i 0 1 1 0 1 1275 1275 1275
i 0 1 1 0 1 850 850 850
i 0 1 1 0 1 1275 1275 1275
i 0 1 1 0 1 425 425 425
i 0 1 1 0 1 1275 1275 1275
i 0 1 1 0 1 500 500 500
i 0 1 1 0 1 1275 1275 1275
i 0 1 1 0 1 250 250 250
i 0 1 1 0 1 425 425 425
i 4 1 1 0 1 250 750 365
i 2 1 1 0 1 250 750 320
i 2 1 1 0 1 425 1275 425
i 1 1 1 0 1 425 1275 582
i 2 1 1 0 1 425 1275 425
i 3 1 1 0 1 425 1275 664
i 2 1 1 0 1 1275 3825 1275
i 4 1 1 0 1 425 1275 425
i 2 1 1 0 1 425 1275 633
i 4 1 1 0 1 250 750 575
i 2 1 1 0 1 425 1275 1174
i 2 1 1 0 1 250 750 722
i 1 1 1 0 1 1275 3825 1275
i 1 1 1 0 1 250 750 250
i 3 1 1 0 1 1275 3825 3662
i 2 1 1 0 1 250 750 250
i 4 1 1 0 1 425 1275 939
i 3 1 1 0 1 1275 3825 1275
i 1 1 1 0 1 165 495 172
i 3 1 1 0 1 1275 3825 1275
i 1 1 1 0 1 850 2550 850
i 3 1 1 0 1 850 2550 2208
i 4 1 1 0 1 425 1275 425
i 4 1 1 0 1 1275 3825 1474
i 2 1 1 0 1 250 750 664
i 4 1 1 0 1 1275 3825 1275
i 4 1 1 0 1 165 495 165
i 2 1 1 0 1 165 495 165
i 2 1 1 0 1 1275 3825 2171
i 1 1 1 0 1 1275 3825 1569
i 1 1 1 0 1 1275 3825 1554
i 3 1 1 0 1 1275 3825 3284
i 2 1 1 0 1 1275 3825 1766
i 2 1 1 0 1 1275 3825 3717
i 3 1 1 0 1 1275 3825 1275
i 4 1 1 0 1 425 1275 425
i 3 1 1 0 1 250 750 635
i 2 1 1 0 1 2125 6375 6159
i 3 1 1 0 1 1275 3825 1275
i 2 1 1 0 1 425 1275 425
i 3 1 1 0 1 1275 3825 1758
i 4 1 1 0 1 1275 3825 1275
i 4 1 1 0 1 1275 3825 2006
i 3 1 1 0 1 165 495 223
i 3 1 1 0 1 1275 3825 3339
i 4 1 1 0 1 1275 3825 1275
i 4 1 1 0 1 1275 3825 3646
i 2 1 1 0 1 1275 3825 2111
i 2 1 1 0 1 1275 3825 1275
i 1 1 1 0 1 425 1275 425
i 3 1 1 0 1 425 1275 1159
i 4 1 1 0 1 1275 3825 1275
i 3 1 1 0 1 1275 3825 1275
i 2 1 1 0 1 1700 5100 4104
i 1 1 1 0 1 2125 6375 2125
i 4 1 1 0 1 165 495 165
i 1 1 1 0 1 1275 3825 1275
i 2 1 1 0 1 425 1275 904
i 2 1 1 0 1 250 750 250
i 1 1 1 0 1 850 2550 850
i 2 1 1 0 1 425 1275 570
i 2 1 1 0 1 425 1275 431
i 3 1 1 0 1 1275 3825 2579
i 1 1 1 0 1 1275 3825 3070
i 2 1 1 0 1 2550 7650 2550
i 3 1 1 0 1 1275 3825 2648
i 2 1 1 0 1 425 1275 781
i 2 1 1 0 1 1275 3825 1275
i 3 1 1 0 1 425 1275 425
i 1 1 1 0 1 1275 3825 1275
i 1 1 1 0 1 1275 3825 1275
i 3 1 1 0 1 250 750 546
i 4 1 1 0 1 425 1275 813
i 1 1 1 0 1 425 1275 452
i 2 1 1 0 1 1275 3825 1413
i 2 1 1 0 1 1275 3825 1275
i 2 1 1 0 1 1275 3825 2158
i 1 1 1 0 1 1275 3825 1435
i 4 1 1 0 1 425 1275 425
i 2 1 1 0 1 250 750 250
i 2 1 1 0 1 2125 6375 6153
i 2 1 1 0 1 250 750 250
i 2 1 1 0 1 425 1275 425
i 3 1 1 0 1 425 1275 425
i 4 1 1 0 1 425 1275 1258
i 3 1 1 0 1 1275 3825 3041
i 1 1 1 0 1 1275 3825 1275
i 3 1 1 0 1 1275 3825 1275
i 3 1 1 0 1 1275 3825 1997
i 2 1 1 0 1 425 1275 1094
i 1 1 1 0 1 1275 3825 2624
i 3 1 1 0 1 425 1275 425
i 4 1 1 0 1 250 750 250
i 3 1 1 0 1 1275 3825 1275
i 3 1 1 0 1 500 1500 1216
i 3 1 1 0 1 1700 5100 1700
i 4 1 1 0 1 1275 3825 1275
i 1 1 1 0 1 425 1275 425
i 3 1 1 0 1 1275 3825 1275
i 1 1 1 0 1 1275 3825 1275
i 3 1 1 0 1 425 1275 425
i 1 1 1 0 1 1275 3825 1275
i 4 1 1 0 1 425 1275 425
i 4 1 1 0 1 425 1275 425
i 4 1 1 0 1 1275 3825 1275
i 2 1 1 0 1 425 1275 425
i 4 1 1 0 1 500 1500 500
i 1 1 1 0 1 250 750 250
i 3 1 1 0 1 165 495 165
i 3 1 1 0 1 1275 3825 1275
i 3 1 1 0 1 425 1275 425
i 4 1 1 0 1 425 1275 425
i 2 1 1 0 1 425 1275 425
i 3 1 1 0 1 165 495 165
i 1 1 1 0 1 165 495 165
i 1 1 1 0 1 500 1500 500
i 4 1 1 0 1 425 1275 425
i 4 1 1 0 1 1275 3825 1275
i 2 1 1 0 1 250 750 250
i 2 1 1 0 1 1275 3825 1275
i 4 1 1 0 1 1275 3825 1275
i 2 1 1 0 1 1275 3825 1275
i 4 1 1 0 1 425 1275 425
i 2 1 1 0 1 425 1275 425
i 1 1 1 0 1 165 495 165
i 4 1 1 0 1 1275 3825 1275
i 3 1 1 0 1 1275 3825 1275
i 4 1 1 0 1 425 1275 425
i 1 1 1 0 1 425 1275 425
i 4 1 1 0 1 425 1275 425
i 2 1 1 0 1 250 750 250
i 1 1 1 0 1 1275 3825 1275
i 3 1 1 0 1 425 1275 425
i 4 1 1 0 1 425 1275 425
i 4 1 1 0 1 1275 3825 1275
i 1 1 1 0 1 1275 3825 1275
i 1 1 1 0 1 1275 3825 1275
i 1 1 1 0 1 425 1275 425
i 4 1 1 0 1 425 1275 425
i 3 1 1 0 1 425 1275 425
i 4 1 1 0 1 165 495 165
i 2 1 1 0 1 1275 3825 1275
i 4 1 1 0 1 1275 3825 1275
i 1 1 1 0 1 425 1275 425
i 1 1 1 0 1 250 750 250
i 4 1 1 0 1 1275 3825 1275
i 3 1 1 0 1 425 1275 425
i 3 1 1 0 1 1275 3825 1275
i 2 1 1 0 1 250 750 250
i 4 1 1 0 1 1275 3825 1275
i 3 1 1 0 1 1275 3825 1275
i 2 1 1 0 1 1275 3825 1275
i 3 1 1 0 1 1275 3825 1275
i 4 1 1 0 1 1275 3825 1275
i 1 1 1 0 1 250 750 250
i 1 1 1 0 1 1700 5100 1700
i 4 1 1 0 1 165 495 165
i 4 1 1 0 1 1275 3825 1275
i 2 1 1 0 1 1700 5100 1700
i 4 1 1 0 1 1275 3825 1275
i 4 1 1 0 1 250 750 250
i 2 1 1 0 1 1275 3825 1275
i 2 1 1 0 1 850 2550 850
i 1 1 1 0 1 1275 3825 1275
i 3 1 1 0 1 1275 3825 1275
i 1 1 1 0 1 425 1275 425
i 3 1 1 0 1 1275 3825 1275
i 3 1 1 0 1 1275 3825 1275
i 2 1 1 0 1 250 750 250
i 3 1 1 0 1 850 2550 850
i 2 1 1 0 1 1275 3825 1275
i 3 1 1 0 1 425 1275 425
i 4 1 1 0 1 250 750 250
i 3 1 1 0 1 425 1275 425
i 4 1 1 0 1 425 1275 425
i 4 1 1 0 1 425 1275 425
i 2 1 1 0 1 425 1275 425
i 2 1 1 0 1 1275 3825 1275
i 1 1 1 0 1 425 1275 425
i 2 1 1 0 1 1275 3825 1275
i 1 1 1 0 1 1275 3825 1275
i 1 1 1 0 1 250 750 250
i 1 1 1 0 1 425 1275 425
i 3 1 1 0 1 1275 3825 1275
i 2 1 1 0 1 500 1500 500
i 1 1 1 0 1 165 495 165
i 1 1 1 0 1 1275 3825 1275
i 3 1 1 0 1 425 1275 425
i 1 1 1 0 1 250 750 250
i 2 1 1 0 1 425 1275 425
i 2 1 1 0 1 425 1275 425
i 4 1 1 0 1 250 750 250
k 13000 1.6
k 13000 1.6
k 13000 1.6
k 36000 3
k 36000 3
k 36000 3
k 36000 3
k 36000 3
k 36000 3
