p 6 234 9 1 2 10000 50
i 0 1 1 0 1 425 425 425
i 0 1 1 0 1 425 425 425
i 0 1 1 0 1 1275 1275 1275
i 0 1 1 0 1 425 425 425
i 0 1 1 0 1 250 250 250
i 0 1 1 0 1 1275 1275 1275
i 0 1 1 0 1 1275 1275 1275
i 0 1 1 0 1 1275 1275 1275
i 0 1 1 0 1 165 165 165
i 0 1 1 0 1 425 425 425
i 0 1 1 0 1 250 250 250
i 0 1 1 0 1 425 425 425
i 0 1 1 0 1 1275 1275 1275
i 0 1 1 0 1 250 250 250
i 0 1 1 0 1 1275 1275 1275
i 0 1 1 0 1 425 425 425
i 0 1 1 0 1 1275 1275 1275
i 0 1 1 0 1 250 250 250
i 0 1 1 0 1 425 425 425
i 0 1 1 0 1 1275 1275 1275
i 0 1 1 0 1 1275 1275 1275
i 0 1 1 0 1 2550 2550 2550
i 0 1 1 0 1 1275 1275 1275
i 0 1 1 0 1 850 850 850
i 0 1 1 0 1 850 850 850
i 0 1 1 0 1 1275 1275 1275
i 0 1 1 0 1 425 425 425
i 0 1 1 0 1 1275 1275 1275
i 0 1 1 0 1 850 850 850
i 0 1 1 0 1 165 165 165
i 0 1 1 0 1 1700 1700 1700
i 0 1 1 0 1 425 425 425
i 0 1 1 0 1 425 425 425
i 0 1 1 0 1 1275 1275 1275
i 0 1 1 0 1 850 850 850
i 0 1 1 0 1 1275 1275 1275
i 0 1 1 0 1 425 425 425
i 0 1 1 0 1 1275 1275 1275
i 0 1 1 0 1 500 500 500
i 0 1 1 0 1 1275 1275 1275
i 0 1 1 0 1 250 250 250
i 0 1 1 0 1 425 425 425
i 4 1 1 0 1 250 750 250
i 2 1 1 0 1 1275 3825 1275
i 4 1 1 0 1 425 1275 1029
i 4 1 1 0 1 425 1275 570
i 4 1 1 0 1 425 1275 425
i 4 1 1 0 1 165 495 221
i 3 1 1 0 1 425 1275 425
i 1 1 1 0 1 1275 3825 2159
i 4 1 1 0 1 165 495 347
i 2 1 1 0 1 250 750 280
i 3 1 1 0 1 1275 3825 1275
i 2 1 1 0 1 425 1275 425
i 4 1 1 0 1 425 1275 425
i 2 1 1 0 1 1275 3825 3717
i 2 1 1 0 1 1700 5100 1700
i 4 1 1 0 1 250 750 250
i 1 1 1 0 1 425 1275 425
i 1 1 1 0 1 1275 3825 2918
i 3 1 1 0 1 425 1275 425
i 3 1 1 0 1 1275 3825 1693
i 1 1 1 0 1 250 750 250
i 4 1 1 0 1 250 750 250
i 3 1 1 0 1 1275 3825 2483
i 4 1 1 0 1 1275 3825 1942
i 2 1 1 0 1 2125 6375 3809
i 2 1 1 0 1 1275 3825 3758
i 2 1 1 0 1 250 750 250
i 2 1 1 0 1 1700 5100 1700
i 2 1 1 0 1 1275 3825 3060
i 1 1 1 0 1 165 495 165
i 3 1 1 0 1 1275 3825 1323
i 2 1 1 0 1 1275 3825 1275
i 3 1 1 0 1 1275 3825 1275
i 2 1 1 0 1 1275 3825 3658
i 1 1 1 0 1 1275 3825 3280
i 1 1 1 0 1 1275 3825 1275
i 3 1 1 0 1 1275 3825 1275
i 1 1 1 0 1 1275 3825 2193
i 2 1 1 0 1 425 1275 537
i 1 1 1 0 1 1275 3825 1970
i 1 1 1 0 1 425 1275 425
i 1 1 1 0 1 250 750 250
i 1 1 1 0 1 425 1275 425
i 3 1 1 0 1 425 1275 425
i 1 1 1 0 1 2125 6375 2125
i 1 1 1 0 1 850 2550 1889
i 1 1 1 0 1 1275 3825 2075
i 2 1 1 0 1 1275 3825 1820
i 2 1 1 0 1 1275 3825 2328
i 3 1 1 0 1 1275 3825 3253
i 3 1 1 0 1 1275 3825 1275
i 1 1 1 0 1 425 1275 1036
i 3 1 1 0 1 425 1275 425
i 3 1 1 0 1 1275 3825 2475
i 1 1 1 0 1 1275 3825 3564
i 3 1 1 0 1 1275 3825 1275
i 1 1 1 0 1 425 1275 425
i 2 1 1 0 1 1275 3825 1275
i 4 1 1 0 1 1275 3825 3410
i 3 1 1 0 1 1700 5100 2222
i 4 1 1 0 1 425 1275 425
i 3 1 1 0 1 1275 3825 2004
i 4 1 1 0 1 425 1275 483
i 3 1 1 0 1 500 1500 500
i 4 1 1 0 1 1275 3825 3015
i 4 1 1 0 1 250 750 250
i 2 1 1 0 1 425 1275 425
i 1 1 1 0 1 1275 3825 3652
i 3 1 1 0 1 850 2550 850
i 3 1 1 0 1 425 1275 1264
i 2 1 1 0 1 1275 3825 1275
i 2 1 1 0 1 250 750 615
i 2 1 1 0 1 250 750 250
i 2 1 1 0 1 1275 3825 1889
i 4 1 1 0 1 1275 3825 1275
i 2 1 1 0 1 425 1275 699
i 3 1 1 0 1 1275 3825 1793
i 4 1 1 0 1 1275 3825 1275
i 2 1 1 0 1 850 2550 1551
i 4 1 1 0 1 1275 3825 1275
i 1 1 1 0 1 250 750 250
i 1 1 1 0 1 1700 5100 2359
i 1 1 1 0 1 165 495 303
i 2 1 1 0 1 425 1275 1011
i 4 1 1 0 1 1275 3825 1275
i 3 1 1 0 1 425 1275 1189
i 2 1 1 0 1 425 1275 1252
i 1 1 1 0 1 1275 3825 1275
i 3 1 1 0 1 250 750 404
i 1 1 1 0 1 850 2550 2091
i 3 1 1 0 1 425 1275 726
i 1 1 1 0 1 500 1500 1224
i 2 1 1 0 1 1275 3825 1275
i 3 1 1 0 1 1275 3825 1275
i 4 1 1 0 1 1275 3825 3143
i 2 1 1 0 1 250 750 250
i 4 1 1 0 1 425 1275 425
i 4 1 1 0 1 165 495 165
i 4 1 1 0 1 425 1275 425
i 2 1 1 0 1 2125 6375 2125
i 3 1 1 0 1 425 1275 425
i 4 1 1 0 1 1275 3825 1275
i 2 1 1 0 1 250 750 250
i 3 1 1 0 1 1275 3825 1275
i 3 1 1 0 1 1275 3825 1275
i 1 1 1 0 1 1275 3825 1275
i 4 1 1 0 1 1275 3825 1275
i 4 1 1 0 1 1275 3825 1275
i 3 1 1 0 1 425 1275 425
i 4 1 1 0 1 1275 3825 1275
i 4 1 1 0 1 425 1275 425
i 1 1 1 0 1 425 1275 425
i 2 1 1 0 1 425 1275 425
i 1 1 1 0 1 1275 3825 1275
i 4 1 1 0 1 1275 3825 1275
i 3 1 1 0 1 1275 3825 1275
i 3 1 1 0 1 1275 3825 1275
i 3 1 1 0 1 1275 3825 1275
i 1 1 1 0 1 165 495 165
i 2 1 1 0 1 425 1275 425
i 2 1 1 0 1 425 1275 425
i 2 1 1 0 1 425 1275 425
i 1 1 1 0 1 1275 3825 1275
i 2 1 1 0 1 2550 7650 2550
i 4 1 1 0 1 1275 3825 1275
i 2 1 1 0 1 425 1275 425
i 2 1 1 0 1 1275 3825 1275
i 1 1 1 0 1 1275 3825 1275
i 4 1 1 0 1 1275 3825 1275
i 2 1 1 0 1 425 1275 425
i 3 1 1 0 1 1275 3825 1275
i 3 1 1 0 1 1275 3825 1275
i 3 1 1 0 1 1275 3825 1275
i 4 1 1 0 1 1275 3825 1275
i 1 1 1 0 1 165 495 165
i 4 1 1 0 1 425 1275 425
i 2 1 1 0 1 250 750 250
i 3 1 1 0 1 1275 3825 1275
i 1 1 1 0 1 425 1275 425
i 2 1 1 0 1 1275 3825 1275
i 2 1 1 0 1 250 750 250
i 1 1 1 0 1 250 750 250
i 1 1 1 0 1 1275 3825 1275
i 2 1 1 0 1 1275 3825 1275
i 3 1 1 0 1 850 2550 850
i 4 1 1 0 1 1275 3825 1275
i 4 1 1 0 1 425 1275 425
i 4 1 1 0 1 165 495 165
i 4 1 1 0 1 1275 3825 1275
i 4 1 1 0 1 425 1275 425
i 2 1 1 0 1 425 1275 425
i 3 1 1 0 1 425 1275 425
i 1 1 1 0 1 250 750 250
i 4 1 1 0 1 1275 3825 1275
i 4 1 1 0 1 425 1275 425
i 3 1 1 0 1 1275 3825 1275
i 4 1 1 0 1 500 1500 500
i 2 1 1 0 1 250 750 250
i 1 1 1 0 1 1275 3825 1275
i 2 1 1 0 1 500 1500 500
i 4 1 1 0 1 250 750 250
i 2 1 1 0 1 425 1275 425
i 3 1 1 0 1 165 495 165
i 1 1 1 0 1 1275 3825 1275
i 2 1 1 0 1 1275 3825 1275
i 2 1 1 0 1 425 1275 425
i 2 1 1 0 1 425 1275 425
i 2 1 1 0 1 425 1275 425
i 3 1 1 0 1 425 1275 425
i 4 1 1 0 1 425 1275 425
i 1 1 1 0 1 1275 3825 1275
i 2 1 1 0 1 250 750 250
i 3 1 1 0 1 165 495 165
i 2 1 1 0 1 165 495 165
i 3 1 1 0 1 165 495 165
i 3 1 1 0 1 425 1275 425
i 4 1 1 0 1 425 1275 425
i 3 1 1 0 1 425 1275 425
i 2 1 1 0 1 1275 3825 1275
i 2 1 1 0 1 1275 3825 1275
i 3 1 1 0 1 1275 3825 1275
i 3 1 1 0 1 250 750 250
i 1 1 1 0 1 425 1275 425
i 3 1 1 0 1 1275 3825 1275
i 1 1 1 0 1 425 1275 425
i 4 1 1 0 1 425 1275 425
i 4 1 1 0 1 250 750 250
i 1 1 1 0 1 425 1275 425
i 4 1 1 0 1 425 1275 425
i 2 1 1 0 1 250 750 250
i 1 1 1 0 1 250 750 250
i 4 1 1 0 1 425 1275 425
k 13000 1.6
k 13000 1.6
k 13000 1.6
k 36000 3
k 36000 3
k 36000 3
k 36000 3
k 36000 3
k 36000 3
