p 6 234 9 1 2 10000 50
i 0 1 1 0 1 425 425 425
i 0 1 1 0 1 425 425 425
i 0 1 1 0 1 1275 1275 1275
i 0 1 1 0 1 425 425 425
i 0 1 1 0 1 250 250 250
i 0 1 1 0 1 1275 1275 1275
i 0 1 1 0 1 1275 1275 1275
i 0 1 1 0 1 1275 1275 1275
i 0 1 1 0 1 165 165 165
i 0 1 1 0 1 425 425 425
i 0 1 1 0 1 250 250 250
i 0 1 1 0 1 425 425 425
i 0 1 1 0 1 1275 1275 1275
i 0 1 1 0 1 250 250 250
i 0 1 1 0 1 1275 1275 1275
i 0 1 1 0 1 425 425 425
i 0 1 1 0 1 1275 1275 1275
i 0 1 1 0 1 250 250 250
i 0 1 1 0 1 425 425 425
i 0 1 1 0 1 1275 1275 1275
i 0 1 1 0 1 1275 1275 1275
i 0 1 1 0 1 2550 2550 2550
i 0 1 1 0 1 1275 1275 1275
i 0 1 1 0 1 850 850 850
i 0 1 1 0 1 850 850 850
i 0 1 1 0 1 1275 1275 1275
i 0 1 1 0 1 425 425 425
i 0 1 1 0 1 1275 1275 1275
i 0 1 1 0 1 850 850 850
i 0 1 1 0 1 165 165 165
i 0 1 1 0 1 1700 1700 1700
i 0 1 1 0 1 425 425 425
i 0 1 1 0 1 425 425 425
i 0 1 1 0 1 1275 1275 1275
i 0 1 1 0 1 850 850 850
i 0 1 1 0 1 1275 1275 1275
i 0 1 1 0 1 425 425 425
i 0 1 1 0 1 1275 1275 1275
i 0 1 1 0 1 500 500 500
i 0 1 1 0 1 1275 1275 1275
i 0 1 1 0 1 250 250 250
i 0 1 1 0 1 425 425 425
i 1 1 1 0 1 425 1275 1273
i 3 1 1 0 1 425 1275 425
i 1 1 1 0 1 425 1275 425
i 4 1 1 0 1 1275 3825 2679
i 2 1 1 0 1 250 750 397
i 2 1 1 0 1 250 750 510
i 3 1 1 0 1 425 1275 425
i 4 1 1 0 1 250 750 250
i 4 1 1 0 1 425 1275 425
i 1 1 1 0 1 250 750 458
i 3 1 1 0 1 1275 3825 2160
i 2 1 1 0 1 425 1275 1170
i 3 1 1 0 1 1275 3825 3412
i 2 1 1 0 1 425 1275 694
i 4 1 1 0 1 425 1275 425
i 4 1 1 0 1 425 1275 581
i 2 1 1 0 1 425 1275 1192
i 2 1 1 0 1 250 750 433
i 1 1 1 0 1 1275 3825 1275
i 2 1 1 0 1 1275 3825 1275
i 1 1 1 0 1 425 1275 535
i 4 1 1 0 1 1275 3825 3655
i 2 1 1 0 1 250 750 487
i 3 1 1 0 1 1275 3825 1275
i 1 1 1 0 1 425 1275 862
i 2 1 1 0 1 425 1275 425
i 1 1 1 0 1 850 2550 850
i 4 1 1 0 1 1275 3825 1275
i 2 1 1 0 1 1275 3825 1275
i 4 1 1 0 1 425 1275 1011
i 1 1 1 0 1 250 750 250
i 2 1 1 0 1 165 495 165
i 2 1 1 0 1 1700 5100 1700
i 2 1 1 0 1 425 1275 975
i 3 1 1 0 1 1275 3825 1275
i 1 1 1 0 1 425 1275 425
i 2 1 1 0 1 850 2550 850
i 3 1 1 0 1 1275 3825 1275
i 4 1 1 0 1 425 1275 611
i 2 1 1 0 1 425 1275 425
i 3 1 1 0 1 500 1500 861
i 4 1 1 0 1 425 1275 451
i 3 1 1 0 1 1275 3825 1962
i 2 1 1 0 1 425 1275 1166
i 1 1 1 0 1 1275 3825 1275
i 3 1 1 0 1 1275 3825 1275
i 3 1 1 0 1 425 1275 425
i 3 1 1 0 1 1275 3825 2770
i 1 1 1 0 1 250 750 250
i 3 1 1 0 1 1275 3825 3285
i 4 1 1 0 1 425 1275 425
i 1 1 1 0 1 425 1275 425
i 2 1 1 0 1 500 1500 1478
i 3 1 1 0 1 1275 3825 1275
i 2 1 1 0 1 425 1275 425
i 1 1 1 0 1 165 495 165
i 4 1 1 0 1 425 1275 509
i 3 1 1 0 1 425 1275 1147
i 3 1 1 0 1 1275 3825 1275
i 4 1 1 0 1 425 1275 534
i 2 1 1 0 1 1275 3825 1275
i 3 1 1 0 1 425 1275 425
i 3 1 1 0 1 850 2550 2428
i 3 1 1 0 1 250 750 250
i 2 1 1 0 1 1275 3825 1275
i 3 1 1 0 1 1275 3825 1275
i 3 1 1 0 1 425 1275 425
i 4 1 1 0 1 1275 3825 1275
i 3 1 1 0 1 425 1275 597
i 2 1 1 0 1 250 750 250
i 1 1 1 0 1 850 2550 850
i 2 1 1 0 1 425 1275 1267
i 1 1 1 0 1 1275 3825 1400
i 1 1 1 0 1 1275 3825 1275
i 4 1 1 0 1 1275 3825 2433
i 1 1 1 0 1 1275 3825 3412
i 4 1 1 0 1 1275 3825 2861
i 2 1 1 0 1 1275 3825 1510
i 1 1 1 0 1 1275 3825 1275
i 2 1 1 0 1 1275 3825 1774
i 4 1 1 0 1 1275 3825 3612
i 1 1 1 0 1 425 1275 537
i 4 1 1 0 1 1275 3825 1275
i 3 1 1 0 1 1275 3825 1275
i 1 1 1 0 1 1275 3825 1275
i 3 1 1 0 1 250 750 250
i 4 1 1 0 1 425 1275 1271
i 4 1 1 0 1 1275 3825 2473
i 4 1 1 0 1 425 1275 686
i 2 1 1 0 1 425 1275 585
i 1 1 1 0 1 250 750 250
i 4 1 1 0 1 1275 3825 1275
i 4 1 1 0 1 250 750 250
i 2 1 1 0 1 1275 3825 3582
i 2 1 1 0 1 250 750 250
i 1 1 1 0 1 1275 3825 1529
i 1 1 1 0 1 1275 3825 1275
i 2 1 1 0 1 1275 3825 3016
i 1 1 1 0 1 1275 3825 1436
i 4 1 1 0 1 1275 3825 1275
i 2 1 1 0 1 425 1275 429
i 4 1 1 0 1 1275 3825 1488
i 1 1 1 0 1 2125 6375 2125
i 3 1 1 0 1 850 2550 850
i 2 1 1 0 1 425 1275 425
i 4 1 1 0 1 425 1275 425
i 3 1 1 0 1 425 1275 425
i 3 1 1 0 1 1275 3825 1275
i 3 1 1 0 1 425 1275 425
i 4 1 1 0 1 500 1500 500
i 3 1 1 0 1 1275 3825 1275
i 3 1 1 0 1 1275 3825 1275
i 3 1 1 0 1 425 1275 425
i 2 1 1 0 1 1700 5100 1700
i 1 1 1 0 1 1275 3825 1275
i 3 1 1 0 1 1275 3825 1275
i 3 1 1 0 1 1700 5100 1700
i 1 1 1 0 1 1275 3825 1275
i 4 1 1 0 1 425 1275 425
i 3 1 1 0 1 1275 3825 1275
i 1 1 1 0 1 1275 3825 1275
i 3 1 1 0 1 165 495 165
i 1 1 1 0 1 1700 5100 1700
i 2 1 1 0 1 425 1275 425
i 2 1 1 0 1 1275 3825 1275
i 3 1 1 0 1 165 495 165
i 4 1 1 0 1 250 750 250
i 3 1 1 0 1 1275 3825 1275
i 3 1 1 0 1 1275 3825 1275
i 2 1 1 0 1 1275 3825 1275
i 1 1 1 0 1 165 495 165
i 4 1 1 0 1 1275 3825 1275
i 2 1 1 0 1 1275 3825 1275
i 1 1 1 0 1 165 495 165
i 4 1 1 0 1 1275 3825 1275
i 2 1 1 0 1 425 1275 425
i 1 1 1 0 1 425 1275 425
i 4 1 1 0 1 425 1275 425
i 2 1 1 0 1 425 1275 425
i 2 1 1 0 1 425 1275 425
i 1 1 1 0 1 1275 3825 1275
i 1 1 1 0 1 1275 3825 1275
i 4 1 1 0 1 1275 3825 1275
i 2 1 1 0 1 2550 7650 2550
i 2 1 1 0 1 2125 6375 2125
i 2 1 1 0 1 425 1275 425
i 4 1 1 0 1 1275 3825 1275
i 3 1 1 0 1 1275 3825 1275
i 4 1 1 0 1 250 750 250
i 4 1 1 0 1 165 495 165
i 2 1 1 0 1 250 750 250
i 4 1 1 0 1 425 1275 425
i 3 1 1 0 1 1275 3825 1275
i 1 1 1 0 1 425 1275 425
i 1 1 1 0 1 165 495 165
i 1 1 1 0 1 1275 3825 1275
i 2 1 1 0 1 1275 3825 1275
i 4 1 1 0 1 425 1275 425
i 4 1 1 0 1 165 495 165
i 2 1 1 0 1 2125 6375 2125
i 2 1 1 0 1 1275 3825 1275
i 1 1 1 0 1 250 750 250
i 2 1 1 0 1 1275 3825 1275
i 2 1 1 0 1 1275 3825 1275
i 4 1 1 0 1 425 1275 425
i 1 1 1 0 1 500 1500 500
i 2 1 1 0 1 1275 3825 1275
i 3 1 1 0 1 1275 3825 1275
i 2 1 1 0 1 250 750 250
i 2 1 1 0 1 250 750 250
i 1 1 1 0 1 250 750 250
i 3 1 1 0 1 165 495 165
i 2 1 1 0 1 250 750 250
i 2 1 1 0 1 250 750 250
i 4 1 1 0 1 250 750 250
i 4 1 1 0 1 1275 3825 1275
i 1 1 1 0 1 425 1275 425
i 2 1 1 0 1 1275 3825 1275
i 3 1 1 0 1 425 1275 425
i 1 1 1 0 1 1275 3825 1275
i 4 1 1 0 1 165 495 165
i 4 1 1 0 1 1275 3825 1275
i 2 1 1 0 1 1275 3825 1275
i 3 1 1 0 1 1275 3825 1275
i 3 1 1 0 1 425 1275 425
i 4 1 1 0 1 425 1275 425
i 4 1 1 0 1 250 750 250
i 4 1 1 0 1 165 495 165
i 3 1 1 0 1 425 1275 425
i 4 1 1 0 1 1275 3825 1275
i 3 1 1 0 1 1275 3825 1275
i 1 1 1 0 1 1275 3825 1275
k 13000 1.6
k 13000 1.6
k 13000 1.6
k 36000 3
k 36000 3
k 36000 3
k 36000 3
k 36000 3
k 36000 3
