p 6 268 8 1 2 10000 42
i 0 1 1 0 1 500 500 500
i 0 1 1 0 1 425 425 425
i 0 1 1 0 1 1275 1275 1275
i 0 1 1 0 1 850 850 850
i 0 1 1 0 1 1275 1275 1275
i 0 1 1 0 1 1275 1275 1275
i 0 1 1 0 1 1275 1275 1275
i 0 1 1 0 1 425 425 425
i 0 1 1 0 1 250 250 250
i 0 1 1 0 1 165 165 165
i 0 1 1 0 1 425 850 479
i 0 1 1 0 1 425 425 425
i 0 1 1 0 1 425 425 425
i 0 1 1 0 1 425 425 425
i 0 1 1 0 1 580 580 580
i 0 1 1 0 1 1275 1275 1275
i 0 1 1 0 1 425 425 425
i 0 1 1 0 1 250 250 250
i 0 1 1 0 1 1275 1275 1275
i 0 1 1 0 1 1275 1275 1275
i 0 1 1 0 1 1275 1275 1275
i 0 1 1 0 1 425 425 425
i 0 1 1 0 1 425 425 425
i 0 1 1 0 1 425 425 425
i 0 1 1 0 1 425 425 425
i 0 1 1 0 1 425 425 425
i 0 1 1 0 1 1275 1275 1275
i 0 1 1 0 1 1275 1275 1275
i 0 1 1 0 1 425 425 425
i 0 1 1 0 1 1275 1275 1275
i 0 1 1 0 1 250 250 250
i 0 1 1 0 1 425 425 425
i 0 1 1 0 1 425 425 425
i 0 1 1 0 1 990 990 990
i 0 1 1 0 1 425 425 425
i 0 1 1 0 1 250 250 250
i 0 1 1 0 1 250 250 250
i 0 1 1 0 1 425 425 425
i 0 1 1 0 1 425 425 425
i 0 1 1 0 1 425 425 425
i 0 1 1 0 1 425 425 425
i 0 1 1 0 1 1275 1275 1275
i 0 1 1 0 1 1275 1700 1619
i 0 1 1 0 1 850 850 850
i 0 1 1 0 1 1275 1275 1275
i 0 1 1 0 1 425 425 425
i 0 1 1 0 1 250 250 250
i 0 1 1 0 1 2550 2550 2550
i 0 1 1 0 1 1275 1275 1275
i 0 1 1 0 1 1275 1275 1275
i 0 1 1 0 1 425 425 425
i 0 1 1 0 1 500 500 500
i 0 1 1 0 1 850 850 850
i 0 1 1 0 1 425 425 425
i 0 1 1 0 1 425 425 425
i 0 1 1 0 1 425 425 425
i 0 1 1 0 1 1275 1275 1275
i 0 1 1 0 1 425 425 425
i 0 1 1 0 1 165 165 165
i 0 1 1 0 1 495 495 495
i 0 1 1 0 1 425 425 425
i 0 1 1 0 1 425 425 425
i 0 1 1 0 1 425 425 425
i 0 1 1 0 1 825 825 825
i 0 1 1 0 1 425 425 425
i 0 1 1 0 1 1275 1275 1275
i 0 1 1 0 1 990 990 990
i 0 1 1 0 1 425 425 425
i 0 1 1 0 1 425 425 425
i 0 1 1 0 1 675 675 675
i 0 1 1 0 1 425 425 425
i 0 1 1 0 1 2550 2550 2550
i 0 1 1 0 1 1275 1275 1275
i 0 1 1 0 1 1275 1275 1275
i 0 1 1 0 1 425 425 425
i 0 1 1 0 1 425 425 425
i 0 1 1 0 1 1275 1275 1275
i 0 1 1 0 1 425 425 425
i 0 1 1 0 1 1275 1275 1275
i 0 1 1 0 1 250 250 250
i 0 1 1 0 1 500 500 500
i 0 1 1 0 1 1275 1275 1275
i 0 1 1 0 1 425 425 425
i 0 1 1 0 1 250 250 250
i 0 1 1 0 1 425 425 425
i 0 1 1 0 1 425 425 425
i 0 1 1 0 1 425 425 425
i 0 1 1 0 1 165 165 165
i 0 1 1 0 1 425 425 425
i 0 1 1 0 1 425 425 425
i 0 1 1 0 1 425 425 425
i 0 1 1 0 1 425 425 425
i 0 1 1 0 1 850 850 850
i 0 1 1 0 1 1275 1275 1275
i 0 1 1 0 1 1275 1275 1275
i 0 1 1 0 1 495 495 495
i 0 1 1 0 1 425 425 425
i 0 1 1 0 1 425 425 425
i 0 1 1 0 1 1275 1275 1275
i 0 1 1 0 1 1275 1275 1275
i 0 1 1 0 1 425 425 425
i 0 1 1 0 1 425 425 425
i 0 1 1 0 1 1275 1275 1275
i 0 1 1 0 1 1275 1275 1275
i 0 1 1 0 1 250 250 250
i 0 1 1 0 1 425 425 425
i 0 1 1 0 1 425 425 425
i 0 1 1 0 1 1275 1275 1275
i 0 1 1 0 1 250 250 250
i 0 1 1 0 1 425 1275 1040
i 0 1 1 0 1 425 425 425
i 0 1 1 0 1 1275 1275 1275
i 0 1 1 0 1 750 750 750
i 0 1 1 0 1 425 425 425
i 0 1 1 0 1 1275 1275 1275
i 0 1 1 0 1 425 425 425
i 3 1 1 0 1 250 750 344
i 1 1 1 0 1 425 1275 425
i 4 1 1 0 1 425 1275 425
i 2 1 1 0 1 500 1500 1305
i 2 1 1 0 1 1275 3825 1275
i 3 1 1 0 1 425 1275 559
i 1 1 1 0 1 750 2250 2155
i 3 1 1 0 1 250 750 250
i 4 1 1 0 1 1275 3825 3487
i 2 1 1 0 1 1275 3825 3423
i 3 1 1 0 1 425 1275 491
i 1 1 1 0 1 250 750 429
i 1 1 1 0 1 425 1275 425
i 3 1 1 0 1 250 750 385
i 3 1 1 0 1 990 2970 990
i 2 1 1 0 1 425 1275 425
i 2 1 1 0 1 250 750 488
i 4 1 1 0 1 425 1275 425
i 4 1 1 0 1 1275 3825 3217
i 1 1 1 0 1 425 1275 425
i 4 1 1 0 1 425 1275 1151
i 4 1 1 0 1 425 1275 645
i 3 1 1 0 1 1275 3825 1275
i 2 1 1 0 1 1275 3825 1275
i 4 1 1 0 1 850 2550 1258
i 2 1 1 0 1 1275 3825 2941
i 4 1 1 0 1 580 1740 580
i 2 1 1 0 1 1275 3825 3664
i 2 1 1 0 1 1275 3825 1275
i 4 1 1 0 1 425 1275 425
i 3 1 1 0 1 425 1275 425
i 2 1 1 0 1 425 1275 935
i 4 1 1 0 1 425 1275 425
i 1 1 1 0 1 250 750 250
i 4 1 1 0 1 425 1275 505
i 4 1 1 0 1 495 1485 495
i 1 1 1 0 1 250 750 250
i 4 1 1 0 1 330 990 343
i 3 1 1 0 1 850 2550 1273
i 1 1 1 0 1 850 2550 850
i 2 1 1 0 1 425 1275 1144
i 3 1 1 0 1 425 1275 425
i 1 1 1 0 1 1275 3825 1883
i 1 1 1 0 1 425 1275 425
i 2 1 1 0 1 1275 3825 1275
i 3 1 1 0 1 425 1275 1020
i 4 1 1 0 1 250 750 250
i 3 1 1 0 1 425 1275 425
i 2 1 1 0 1 425 1275 864
i 1 1 1 0 1 425 1275 425
i 3 1 1 0 1 425 1275 577
i 1 1 1 0 1 2125 6375 6298
i 3 1 1 0 1 250 750 353
i 3 1 1 0 1 1275 3825 3091
i 3 1 1 0 1 1275 3825 3052
i 3 1 1 0 1 425 1275 1145
i 3 1 1 0 1 425 1275 425
i 3 1 1 0 1 1275 3825 1275
i 1 1 1 0 1 1275 3825 3492
i 1 1 1 0 1 425 1275 425
i 4 1 1 0 1 425 1275 425
i 4 1 1 0 1 495 1485 846
i 2 1 1 0 1 910 2730 2240
i 2 1 1 0 1 425 1275 579
i 1 1 1 0 1 425 1275 523
i 4 1 1 0 1 425 1275 1202
i 1 1 1 0 1 990 2970 2342
i 2 1 1 0 1 425 1275 425
i 2 1 1 0 1 500 1500 500
i 4 1 1 0 1 425 1275 425
i 2 1 1 0 1 425 1275 1256
i 4 1 1 0 1 1275 3825 1275
i 3 1 1 0 1 425 1275 698
i 2 1 1 0 1 425 1275 425
i 4 1 1 0 1 425 1275 822
i 2 1 1 0 1 1275 3825 1275
i 2 1 1 0 1 425 1275 495
i 4 1 1 0 1 425 1275 425
i 1 1 1 0 1 425 1275 425
i 3 1 1 0 1 1275 3825 2741
i 1 1 1 0 1 425 1275 425
i 3 1 1 0 1 250 750 250
i 2 1 1 0 1 425 1275 425
i 2 1 1 0 1 425 1275 425
i 3 1 1 0 1 425 1275 425
i 3 1 1 0 1 500 1500 500
i 1 1 1 0 1 425 1275 425
i 3 1 1 0 1 500 1500 500
i 3 1 1 0 1 425 1275 425
i 4 1 1 0 1 425 1275 425
i 4 1 1 0 1 250 750 250
i 4 1 1 0 1 1075 3225 1075
i 2 1 1 0 1 1275 3825 1275
i 1 1 1 0 1 425 1275 425
i 4 1 1 0 1 1275 3825 1275
i 2 1 1 0 1 425 1275 425
i 3 1 1 0 1 1275 3825 1275
i 3 1 1 0 1 580 1740 580
i 2 1 1 0 1 1275 3825 1275
i 2 1 1 0 1 425 1275 425
i 2 1 1 0 1 1275 3825 1275
i 2 1 1 0 1 1275 3825 1275
i 2 1 1 0 1 1275 3825 1275
i 1 1 1 0 1 425 1275 425
i 3 1 1 0 1 425 1275 425
i 4 1 1 0 1 425 1275 425
i 3 1 1 0 1 850 2550 850
i 3 1 1 0 1 250 750 250
i 1 1 1 0 1 425 1275 425
i 3 1 1 0 1 425 1275 425
i 1 1 1 0 1 250 750 250
i 3 1 1 0 1 1275 3825 1275
i 2 1 1 0 1 660 1980 660
i 4 1 1 0 1 990 2970 990
i 3 1 1 0 1 425 1275 425
i 2 1 1 0 1 425 1275 425
i 4 1 1 0 1 425 1275 425
i 1 1 1 0 1 425 1275 425
i 1 1 1 0 1 250 750 250
i 2 1 1 0 1 425 1275 425
i 4 1 1 0 1 1275 3825 1275
i 3 1 1 0 1 850 2550 850
i 1 1 1 0 1 495 1485 495
i 2 1 1 0 1 425 1275 425
i 2 1 1 0 1 425 1275 425
i 4 1 1 0 1 165 495 165
i 3 1 1 0 1 425 1275 425
i 4 1 1 0 1 425 1275 425
i 2 1 1 0 1 425 1275 425
i 3 1 1 0 1 425 1275 425
i 4 1 1 0 1 425 1275 425
i 4 1 1 0 1 425 1275 425
i 1 1 1 0 1 425 1275 425
i 2 1 1 0 1 1275 3825 1275
i 1 1 1 0 1 1275 3825 1275
i 1 1 1 0 1 1275 3825 1275
i 4 1 1 0 1 1275 3825 1275
i 1 1 1 0 1 1275 3825 1275
i 4 1 1 0 1 425 1275 425
i 3 1 1 0 1 250 750 250
i 3 1 1 0 1 425 1275 425
i 2 1 1 0 1 425 1275 425
i 3 1 1 0 1 425 1275 425
i 3 1 1 0 1 425 1275 425
i 2 1 1 0 1 425 1275 425
i 3 1 1 0 1 850 2550 850
i 3 1 1 0 1 425 1275 425
i 4 1 1 0 1 425 1275 425
i 2 1 1 0 1 1275 3825 1275
i 3 1 1 0 1 425 1275 425
i 2 1 1 0 1 1275 3825 1275
i 4 1 1 0 1 1275 3825 1275
k 13000 1.6
k 13000 1.6
k 13000 1.6
k 36000 3
k 36000 3
k 36000 3
k 36000 3
k 36000 3
