p 6 234 8 1 2 10000 27
i 0 1 1 0 1 510 510 510
i 0 1 1 0 1 765 765 765
i 0 1 1 0 1 255 255 255
i 0 1 1 0 1 255 255 255
i 0 1 1 0 1 765 765 765
i 0 1 1 0 1 255 255 255
i 0 1 1 0 1 765 765 765
i 0 1 1 0 1 255 255 255
i 0 1 1 0 1 765 765 765
i 0 1 1 0 1 765 765 765
i 0 1 1 0 1 255 255 255
i 0 1 1 0 1 255 255 255
i 0 1 1 0 1 765 765 765
i 0 1 1 0 1 1020 1020 1020
i 0 1 1 0 1 300 300 300
i 0 1 1 0 1 255 255 255
i 0 1 1 0 1 255 255 255
i 0 1 1 0 1 255 255 255
i 2 1 1 0 1 127 382 127
i 1 1 1 0 1 127 382 370
i 2 1 1 0 1 765 1020 1010
i 3 1 1 0 1 255 765 255
i 2 1 1 0 1 127 382 127
i 4 1 1 0 1 382 1147 450
i 1 1 1 0 1 127 382 127
i 4 1 1 0 1 255 510 255
i 3 1 1 0 1 127 382 127
i 3 1 1 0 1 127 382 127
i 4 1 1 0 1 382 1147 382
i 3 1 1 0 1 255 510 255
i 3 1 1 0 1 127 382 127
i 1 1 1 0 1 127 382 250
i 4 1 1 0 1 382 1147 382
i 3 1 1 0 1 127 382 258
i 3 1 1 0 1 382 1147 823
i 3 1 1 0 1 127 382 127
i 4 1 1 0 1 49 148 49
i 2 1 1 0 1 510 1530 510
i 1 1 1 0 1 127 382 190
i 1 1 1 0 1 127 382 127
i 4 1 1 0 1 127 382 296
i 1 1 1 0 1 382 1147 382
i 1 1 1 0 1 255 765 546
i 4 1 1 0 1 382 1147 817
i 4 1 1 0 1 127 382 245
i 2 1 1 0 1 382 1147 1066
i 4 1 1 0 1 382 1147 732
i 4 1 1 0 1 127 382 127
i 3 1 1 0 1 127 382 274
i 1 1 1 0 1 382 1147 382
i 3 1 1 0 1 127 382 244
i 1 1 1 0 1 75 225 75
i 3 1 1 0 1 127 382 127
i 2 1 1 0 1 127 382 338
i 3 1 1 0 1 49 148 84
i 3 1 1 0 1 255 510 255
i 3 1 1 0 1 127 382 324
i 3 1 1 0 1 382 1147 382
i 1 1 1 0 1 127 382 127
i 1 1 1 0 1 382 1147 861
i 1 1 1 0 1 127 382 127
i 1 1 1 0 1 127 382 294
i 2 1 1 0 1 127 382 138
i 2 1 1 0 1 765 2295 765
i 2 1 1 0 1 382 1147 382
i 4 1 1 0 1 127 382 127
i 4 1 1 0 1 127 382 127
i 3 1 1 0 1 127 382 239
i 3 1 1 0 1 75 225 107
i 4 1 1 0 1 75 225 75
i 1 1 1 0 1 127 382 310
i 4 1 1 0 1 382 1147 1012
i 3 1 1 0 1 382 1147 805
i 4 1 1 0 1 127 382 127
i 1 1 1 0 1 382 1147 1081
i 1 1 1 0 1 75 225 75
i 3 1 1 0 1 255 765 255
i 1 1 1 0 1 127 382 127
i 4 1 1 0 1 150 450 150
i 2 1 1 0 1 75 225 75
i 2 1 1 0 1 127 382 127
i 2 1 1 0 1 255 765 255
i 2 1 1 0 1 382 1147 382
i 2 1 1 0 1 127 382 127
i 4 1 1 0 1 127 382 127
i 3 1 1 0 1 765 2295 765
i 3 1 1 0 1 255 765 255
i 2 1 1 0 1 127 382 127
i 1 1 1 0 1 382 1147 382
i 1 1 1 0 1 255 765 255
i 2 1 1 0 1 382 1147 382
i 4 1 1 0 1 127 382 127
i 2 1 1 0 1 382 1147 382
i 2 1 1 0 1 382 1147 382
i 1 1 1 0 1 75 225 75
i 4 1 1 0 1 255 765 255
i 2 1 1 0 1 382 1147 382
i 1 1 1 0 1 255 765 255
i 2 1 1 0 1 127 382 127
i 2 1 1 0 1 382 1147 382
i 1 1 1 0 1 255 765 255
i 2 1 1 0 1 127 382 127
i 4 1 1 0 1 127 382 127
i 1 1 1 0 1 127 382 127
i 4 1 1 0 1 127 382 127
i 1 1 1 0 1 382 1147 382
i 4 1 1 0 1 382 1147 382
i 2 1 1 0 1 255 765 255
i 4 1 1 0 1 127 382 127
i 3 1 1 0 1 255 765 255
i 3 1 1 0 1 127 382 127
i 2 1 1 0 1 127 382 127
i 4 1 1 0 1 255 765 255
i 4 1 1 0 1 127 382 127
i 1 1 1 0 1 127 382 127
i 2 1 1 0 1 382 1147 382
i 1 1 1 0 1 127 382 127
i 1 1 1 0 1 382 1147 382
i 3 1 1 0 1 127 382 127
i 2 1 1 0 1 49 148 49
i 2 1 1 0 1 127 382 127
i 4 1 1 0 1 510 1530 510
i 1 1 1 0 1 127 382 127
i 1 1 1 0 1 255 765 255
i 2 1 1 0 1 255 765 255
i 3 1 1 0 1 382 1147 382
i 1 1 1 0 1 127 382 127
i 4 1 1 0 1 75 225 75
i 1 1 1 0 1 382 1147 382
i 4 1 1 0 1 127 382 127
i 3 1 1 0 1 382 1147 382
i 2 1 1 0 1 75 225 75
i 1 1 1 0 1 127 382 127
i 1 1 1 0 1 127 382 127
i 4 1 1 0 1 382 1147 382
i 1 1 1 0 1 382 1147 382
i 4 1 1 0 1 765 2295 765
i 2 1 1 0 1 382 1147 382
i 1 1 1 0 1 382 1147 382
i 2 1 1 0 1 382 1147 382
i 1 1 1 0 1 127 382 127
i 1 1 1 0 1 382 1147 382
i 4 1 1 0 1 127 382 127
i 1 1 1 0 1 255 765 255
i 1 1 1 0 1 255 765 255
i 4 1 1 0 1 127 382 127
i 2 1 1 0 1 255 765 255
i 2 1 1 0 1 127 382 127
i 4 1 1 0 1 382 1147 382
i 4 1 1 0 1 382 1147 382
i 4 1 1 0 1 127 382 127
i 2 1 1 0 1 75 225 75
i 4 1 1 0 1 382 1147 382
i 2 1 1 0 1 382 1147 382
i 1 1 1 0 1 127 382 127
i 4 1 1 0 1 127 382 127
i 4 1 1 0 1 382 1147 382
i 4 1 1 0 1 127 382 127
i 1 1 1 0 1 127 382 127
i 3 1 1 0 1 127 382 127
i 4 1 1 0 1 150 450 150
i 3 1 1 0 1 255 765 255
i 1 1 1 0 1 255 765 255
i 4 1 1 0 1 255 765 255
i 1 1 1 0 1 127 382 127
i 4 1 1 0 1 127 382 127
i 3 1 1 0 1 382 1147 382
i 1 1 1 0 1 127 382 127
i 3 1 1 0 1 382 1147 382
i 1 1 1 0 1 127 382 127
i 3 1 1 0 1 382 1147 382
i 4 1 1 0 1 382 1147 382
i 3 1 1 0 1 255 765 255
i 4 1 1 0 1 127 382 127
i 4 1 1 0 1 75 225 75
i 1 1 1 0 1 382 1147 382
i 1 1 1 0 1 49 148 49
i 2 1 1 0 1 382 1147 382
i 1 1 1 0 1 75 225 75
i 4 1 1 0 1 75 225 75
i 1 1 1 0 1 127 382 127
i 4 1 1 0 1 382 1147 382
i 1 1 1 0 1 127 382 127
i 1 1 1 0 1 255 765 255
i 1 1 1 0 1 127 382 127
i 1 1 1 0 1 127 382 127
i 3 1 1 0 1 382 1147 382
i 1 1 1 0 1 127 382 127
i 2 1 1 0 1 255 765 255
i 1 1 1 0 1 127 382 127
i 4 1 1 0 1 382 1147 382
i 1 1 1 0 1 382 1147 382
i 3 1 1 0 1 127 382 127
i 1 1 1 0 1 127 382 127
i 2 1 1 0 1 127 382 127
i 3 1 1 0 1 127 382 127
i 3 1 1 0 1 49 148 49
i 2 1 1 0 1 127 382 127
i 1 1 1 0 1 49 148 49
i 4 1 1 0 1 255 765 255
i 2 1 1 0 1 127 382 127
i 1 1 1 0 1 255 765 255
i 3 1 1 0 1 255 765 255
i 2 1 1 0 1 127 382 127
i 4 1 1 0 1 255 765 255
i 4 1 1 0 1 382 1147 382
i 2 1 1 0 1 127 382 127
i 3 1 1 0 1 127 382 127
i 4 1 1 0 1 382 1147 382
i 4 1 1 0 1 510 1530 510
i 4 1 1 0 1 382 1147 382
i 3 1 1 0 1 127 382 127
i 4 1 1 0 1 127 382 127
i 1 1 1 0 1 382 1147 382
i 3 1 1 0 1 382 1147 382
i 4 1 1 0 1 127 382 127
i 1 1 1 0 1 382 1147 382
i 2 1 1 0 1 127 382 127
i 3 1 1 0 1 127 382 127
i 4 1 1 0 1 75 225 75
i 3 1 1 0 1 127 382 127
i 3 1 1 0 1 127 382 127
i 1 1 1 0 1 127 382 127
i 4 1 1 0 1 127 382 127
i 2 1 1 0 1 127 382 127
i 3 1 1 0 1 255 765 255
i 2 1 1 0 1 150 450 150
i 2 1 1 0 1 382 1147 382
i 3 1 1 0 1 127 382 127
i 1 1 1 0 1 382 1147 382
i 1 1 1 0 1 127 382 127
i 3 1 1 0 1 127 382 127
i 3 1 1 0 1 49 148 49
i 1 1 1 0 1 127 382 127
k 13000 1.6
k 13000 1.6
k 13000 1.6
k 36000 3
k 36000 3
k 36000 3
k 36000 3
k 36000 3
