p 6 264 8 1 2 10000 63
i 0 1 1 0 1 425 425 425
i 0 1 1 0 1 2550 2550 2550
i 0 1 1 0 1 425 425 425
i 0 1 1 0 1 1275 1275 1275
i 0 1 1 0 1 425 425 425
i 0 1 1 0 1 250 250 250
i 0 1 1 0 1 425 425 425
i 0 1 1 0 1 1275 1275 1275
i 0 1 1 0 1 1275 1275 1275
i 0 1 1 0 1 425 425 425
i 0 1 1 0 1 1275 1275 1275
i 0 1 1 0 1 1275 1275 1275
i 0 1 1 0 1 1275 1275 1275
i 0 1 1 0 1 425 425 425
i 0 1 1 0 1 1275 1275 1275
i 0 1 1 0 1 425 425 425
i 0 1 1 0 1 850 850 850
i 0 1 1 0 1 425 425 425
i 0 1 1 0 1 1275 1275 1275
i 0 1 1 0 1 425 425 425
i 0 1 1 0 1 165 165 165
i 0 1 1 0 1 1275 1275 1275
i 0 1 1 0 1 1275 1275 1275
i 0 1 1 0 1 425 425 425
i 0 1 1 0 1 250 250 250
i 0 1 1 0 1 250 250 250
i 0 1 1 0 1 1275 1275 1275
i 0 1 1 0 1 990 990 990
i 0 1 1 0 1 425 425 425
i 0 1 1 0 1 1275 2550 1458
i 0 1 1 0 1 250 250 250
i 0 1 1 0 1 425 425 425
i 0 1 1 0 1 425 425 425
i 0 1 1 0 1 495 990 506
i 0 1 1 0 1 250 250 250
i 0 1 1 0 1 1275 1275 1275
i 0 1 1 0 1 1275 1275 1275
i 0 1 1 0 1 425 425 425
i 0 1 1 0 1 495 495 495
i 0 1 1 0 1 425 425 425
i 0 1 1 0 1 425 425 425
i 0 1 1 0 1 425 425 425
i 0 1 1 0 1 425 425 425
i 0 1 1 0 1 425 425 425
i 0 1 1 0 1 425 850 525
i 0 1 1 0 1 1275 1700 1552
i 0 1 1 0 1 1275 1275 1275
i 0 1 1 0 1 1275 1275 1275
i 0 1 1 0 1 425 425 425
i 0 1 1 0 1 425 425 425
i 0 1 1 0 1 250 250 250
i 0 1 1 0 1 425 425 425
i 0 1 1 0 1 425 425 425
i 0 1 1 0 1 850 850 850
i 0 1 1 0 1 425 425 425
i 0 1 1 0 1 425 425 425
i 0 1 1 0 1 1275 1275 1275
i 0 1 1 0 1 425 425 425
i 0 1 1 0 1 660 660 660
i 0 1 1 0 1 425 425 425
i 0 1 1 0 1 1275 1275 1275
i 0 1 1 0 1 1275 1275 1275
i 0 1 1 0 1 250 250 250
i 0 1 1 0 1 2550 2550 2550
i 0 1 1 0 1 850 850 850
i 0 1 1 0 1 1075 1075 1075
i 0 1 1 0 1 250 250 250
i 0 1 1 0 1 250 250 250
i 0 1 1 0 1 1275 1275 1275
i 0 1 1 0 1 425 850 833
i 0 1 1 0 1 425 425 425
i 0 1 1 0 1 250 250 250
i 0 1 1 0 1 1275 1275 1275
i 0 1 1 0 1 425 1275 700
i 0 1 1 0 1 1275 1275 1275
i 0 1 1 0 1 1275 1275 1275
i 0 1 1 0 1 1275 1275 1275
i 0 1 1 0 1 1275 1275 1275
i 0 1 1 0 1 425 425 425
i 0 1 1 0 1 425 425 425
i 0 1 1 0 1 1275 1275 1275
i 0 1 1 0 1 425 425 425
i 0 1 1 0 1 250 250 250
i 0 1 1 0 1 1275 1275 1275
i 0 1 1 0 1 425 425 425
i 0 1 1 0 1 1275 1275 1275
i 0 1 1 0 1 425 425 425
i 0 1 1 0 1 425 425 425
i 0 1 1 0 1 500 500 500
i 0 1 1 0 1 495 495 495
i 0 1 1 0 1 1700 1700 1700
i 0 1 1 0 1 425 425 425
i 0 1 1 0 1 425 425 425
i 0 1 1 0 1 850 850 850
i 0 1 1 0 1 425 425 425
i 0 1 1 0 1 425 425 425
i 0 1 1 0 1 850 850 850
i 0 1 1 0 1 425 425 425
i 0 1 1 0 1 165 165 165
i 0 1 1 0 1 425 425 425
i 0 1 1 0 1 1275 1275 1275
i 0 1 1 0 1 1275 1275 1275
i 0 1 1 0 1 850 850 850
i 0 1 1 0 1 500 500 500
i 0 1 1 0 1 425 425 425
i 0 1 1 0 1 990 990 990
i 0 1 1 0 1 425 425 425
i 0 1 1 0 1 1275 1275 1275
i 0 1 1 0 1 425 425 425
i 2 1 1 0 1 425 1275 879
i 4 1 1 0 1 425 1275 611
i 3 1 1 0 1 425 1275 425
i 4 1 1 0 1 425 1275 689
i 1 1 1 0 1 1275 3825 1275
i 2 1 1 0 1 425 1275 763
i 1 1 1 0 1 425 1275 1147
i 3 1 1 0 1 1275 3825 2338
i 1 1 1 0 1 425 1275 1019
i 3 1 1 0 1 425 1275 652
i 3 1 1 0 1 250 750 509
i 3 1 1 0 1 425 1275 425
i 1 1 1 0 1 1275 3825 2004
i 2 1 1 0 1 425 1275 425
i 3 1 1 0 1 1275 3825 2935
i 3 1 1 0 1 990 2970 990
i 1 1 1 0 1 425 1275 425
i 3 1 1 0 1 1320 3960 1713
i 2 1 1 0 1 425 1275 925
i 4 1 1 0 1 425 1275 425
i 3 1 1 0 1 495 1485 495
i 4 1 1 0 1 425 1275 926
i 2 1 1 0 1 500 1500 745
i 1 1 1 0 1 1275 3825 1275
i 4 1 1 0 1 250 750 739
i 2 1 1 0 1 250 750 317
i 3 1 1 0 1 1275 3825 1275
i 4 1 1 0 1 425 1275 425
i 2 1 1 0 1 1275 3825 2077
i 1 1 1 0 1 425 1275 575
i 1 1 1 0 1 425 1275 691
i 1 1 1 0 1 425 1275 425
i 2 1 1 0 1 425 1275 425
i 3 1 1 0 1 425 1275 425
i 2 1 1 0 1 1275 3825 1814
i 2 1 1 0 1 425 1275 425
i 4 1 1 0 1 425 1275 793
i 4 1 1 0 1 660 1980 660
i 3 1 1 0 1 1275 3825 2174
i 2 1 1 0 1 1275 3825 1275
i 1 1 1 0 1 425 1275 425
i 2 1 1 0 1 1250 3750 1250
i 3 1 1 0 1 425 1275 425
i 1 1 1 0 1 1275 3825 1627
i 3 1 1 0 1 1275 3825 1275
i 3 1 1 0 1 1275 3825 2702
i 1 1 1 0 1 660 1980 1782
i 2 1 1 0 1 425 1275 1054
i 3 1 1 0 1 250 750 455
i 2 1 1 0 1 425 1275 650
i 4 1 1 0 1 165 495 277
i 4 1 1 0 1 850 2550 1060
i 3 1 1 0 1 250 750 250
i 3 1 1 0 1 425 1275 1116
i 2 1 1 0 1 915 2745 1358
i 4 1 1 0 1 425 1275 981
i 4 1 1 0 1 425 1275 425
i 4 1 1 0 1 425 1275 425
i 4 1 1 0 1 250 750 250
i 2 1 1 0 1 990 2970 2452
i 3 1 1 0 1 425 1275 708
i 3 1 1 0 1 425 1275 547
i 4 1 1 0 1 425 1275 538
i 1 1 1 0 1 1275 3825 2388
i 4 1 1 0 1 850 2550 850
i 3 1 1 0 1 1275 3825 3615
i 4 1 1 0 1 425 1275 822
i 3 1 1 0 1 425 1275 425
i 3 1 1 0 1 165 495 165
i 3 1 1 0 1 425 1275 593
i 3 1 1 0 1 425 1275 708
i 4 1 1 0 1 1275 3825 1655
i 4 1 1 0 1 425 1275 684
i 2 1 1 0 1 425 1275 579
i 4 1 1 0 1 425 1275 1176
i 3 1 1 0 1 425 1275 425
i 2 1 1 0 1 425 1275 1218
i 2 1 1 0 1 1275 3825 1305
i 1 1 1 0 1 425 1275 425
i 3 1 1 0 1 425 1275 425
i 4 1 1 0 1 1275 3825 1275
i 1 1 1 0 1 425 1275 425
i 3 1 1 0 1 425 1275 964
i 2 1 1 0 1 425 1275 885
i 3 1 1 0 1 1275 3825 1536
i 4 1 1 0 1 1275 3825 1275
i 2 1 1 0 1 500 1500 500
i 3 1 1 0 1 1275 3825 1275
i 1 1 1 0 1 425 1275 425
i 2 1 1 0 1 425 1275 425
i 2 1 1 0 1 1275 3825 1275
i 1 1 1 0 1 850 2550 1927
i 1 1 1 0 1 1275 3825 1275
i 3 1 1 0 1 425 1275 1007
i 1 1 1 0 1 1275 3825 1275
i 1 1 1 0 1 1275 3825 1275
i 3 1 1 0 1 425 1275 425
i 4 1 1 0 1 250 750 672
i 2 1 1 0 1 1275 3825 1275
i 3 1 1 0 1 1275 3825 1275
i 4 1 1 0 1 250 750 426
i 4 1 1 0 1 495 1485 495
i 3 1 1 0 1 425 1275 1154
i 1 1 1 0 1 425 1275 1243
i 3 1 1 0 1 425 1275 509
i 2 1 1 0 1 425 1275 425
i 3 1 1 0 1 1570 4710 1570
i 4 1 1 0 1 1275 3825 2531
i 4 1 1 0 1 1275 3825 3297
i 2 1 1 0 1 1275 3825 3535
i 2 1 1 0 1 425 1275 425
i 2 1 1 0 1 495 1485 1446
i 2 1 1 0 1 825 2475 825
i 4 1 1 0 1 1275 3825 1275
i 2 1 1 0 1 425 1275 425
i 1 1 1 0 1 1275 3825 1275
i 4 1 1 0 1 1275 3825 1275
i 2 1 1 0 1 425 1275 425
i 3 1 1 0 1 850 2550 850
i 1 1 1 0 1 250 750 250
i 1 1 1 0 1 425 1275 425
i 3 1 1 0 1 425 1275 425
i 2 1 1 0 1 250 750 250
i 2 1 1 0 1 1275 3825 1275
i 1 1 1 0 1 425 1275 425
i 1 1 1 0 1 850 2550 850
i 4 1 1 0 1 2550 7650 2550
i 4 1 1 0 1 2550 7650 2550
i 2 1 1 0 1 425 1275 425
i 4 1 1 0 1 500 1500 500
i 2 1 1 0 1 425 1275 425
i 4 1 1 0 1 250 750 250
i 2 1 1 0 1 1275 3825 1275
i 4 1 1 0 1 425 1275 425
i 1 1 1 0 1 250 750 250
i 4 1 1 0 1 1275 3825 1275
i 2 1 1 0 1 1275 3825 1275
i 3 1 1 0 1 1275 3825 1275
i 3 1 1 0 1 425 1275 425
i 4 1 1 0 1 425 1275 425
i 4 1 1 0 1 1275 3825 1275
i 3 1 1 0 1 425 1275 425
i 3 1 1 0 1 1275 3825 1275
i 3 1 1 0 1 2125 6375 2125
i 1 1 1 0 1 425 1275 425
i 4 1 1 0 1 250 750 250
i 2 1 1 0 1 425 1275 425
i 4 1 1 0 1 425 1275 425
i 1 1 1 0 1 1275 3825 1275
i 2 1 1 0 1 1700 5100 1700
i 3 1 1 0 1 500 1500 500
i 4 1 1 0 1 425 1275 425
i 1 1 1 0 1 425 1275 425
i 3 1 1 0 1 425 1275 425
i 3 1 1 0 1 425 1275 425
k 13000 1.6
k 13000 1.6
k 13000 1.6
k 36000 3
k 36000 3
k 36000 3
k 36000 3
k 36000 3
