p 6 264 8 1 2 10000 63
i 0 1 1 0 1 425 425 425
i 0 1 1 0 1 2550 2550 2550
i 0 1 1 0 1 425 425 425
i 0 1 1 0 1 1275 1275 1275
i 0 1 1 0 1 425 425 425
i 0 1 1 0 1 250 250 250
i 0 1 1 0 1 425 425 425
i 0 1 1 0 1 1275 1275 1275
i 0 1 1 0 1 1275 1275 1275
i 0 1 1 0 1 425 425 425
i 0 1 1 0 1 1275 1275 1275
i 0 1 1 0 1 1275 1275 1275
i 0 1 1 0 1 1275 1275 1275
i 0 1 1 0 1 425 425 425
i 0 1 1 0 1 1275 1275 1275
i 0 1 1 0 1 425 425 425
i 0 1 1 0 1 850 850 850
i 0 1 1 0 1 425 425 425
i 0 1 1 0 1 1275 1275 1275
i 0 1 1 0 1 425 425 425
i 0 1 1 0 1 165 165 165
i 0 1 1 0 1 1275 1275 1275
i 0 1 1 0 1 1275 1275 1275
i 0 1 1 0 1 425 425 425
i 0 1 1 0 1 250 250 250
i 0 1 1 0 1 250 250 250
i 0 1 1 0 1 1275 1275 1275
i 0 1 1 0 1 990 990 990
i 0 1 1 0 1 425 425 425
i 0 1 1 0 1 1275 2550 1458
i 0 1 1 0 1 250 250 250
i 0 1 1 0 1 425 425 425
i 0 1 1 0 1 425 425 425
i 0 1 1 0 1 495 990 506
i 0 1 1 0 1 250 250 250
i 0 1 1 0 1 1275 1275 1275
i 0 1 1 0 1 1275 1275 1275
i 0 1 1 0 1 425 425 425
i 0 1 1 0 1 495 495 495
i 0 1 1 0 1 425 425 425
i 0 1 1 0 1 425 425 425
i 0 1 1 0 1 425 425 425
i 0 1 1 0 1 425 425 425
i 0 1 1 0 1 425 425 425
i 0 1 1 0 1 425 850 525
i 0 1 1 0 1 1275 1700 1552
i 0 1 1 0 1 1275 1275 1275
i 0 1 1 0 1 1275 1275 1275
i 0 1 1 0 1 425 425 425
i 0 1 1 0 1 425 425 425
i 0 1 1 0 1 250 250 250
i 0 1 1 0 1 425 425 425
i 0 1 1 0 1 425 425 425
i 0 1 1 0 1 850 850 850
i 0 1 1 0 1 425 425 425
i 0 1 1 0 1 425 425 425
i 0 1 1 0 1 1275 1275 1275
i 0 1 1 0 1 425 425 425
i 0 1 1 0 1 660 660 660
i 0 1 1 0 1 425 425 425
i 0 1 1 0 1 1275 1275 1275
i 0 1 1 0 1 1275 1275 1275
i 0 1 1 0 1 250 250 250
i 0 1 1 0 1 2550 2550 2550
i 0 1 1 0 1 850 850 850
i 0 1 1 0 1 1075 1075 1075
i 0 1 1 0 1 250 250 250
i 0 1 1 0 1 250 250 250
i 0 1 1 0 1 1275 1275 1275
i 0 1 1 0 1 425 850 833
i 0 1 1 0 1 425 425 425
i 0 1 1 0 1 250 250 250
i 0 1 1 0 1 1275 1275 1275
i 0 1 1 0 1 425 1275 700
i 0 1 1 0 1 1275 1275 1275
i 0 1 1 0 1 1275 1275 1275
i 0 1 1 0 1 1275 1275 1275
i 0 1 1 0 1 1275 1275 1275
i 0 1 1 0 1 425 425 425
i 0 1 1 0 1 425 425 425
i 0 1 1 0 1 1275 1275 1275
i 0 1 1 0 1 425 425 425
i 0 1 1 0 1 250 250 250
i 0 1 1 0 1 1275 1275 1275
i 0 1 1 0 1 425 425 425
i 0 1 1 0 1 1275 1275 1275
i 0 1 1 0 1 425 425 425
i 0 1 1 0 1 425 425 425
i 0 1 1 0 1 500 500 500
i 0 1 1 0 1 495 495 495
i 0 1 1 0 1 1700 1700 1700
i 0 1 1 0 1 425 425 425
i 0 1 1 0 1 425 425 425
i 0 1 1 0 1 850 850 850
i 0 1 1 0 1 425 425 425
i 0 1 1 0 1 425 425 425
i 0 1 1 0 1 850 850 850
i 0 1 1 0 1 425 425 425
i 0 1 1 0 1 165 165 165
i 0 1 1 0 1 425 425 425
i 0 1 1 0 1 1275 1275 1275
i 0 1 1 0 1 1275 1275 1275
i 0 1 1 0 1 850 850 850
i 0 1 1 0 1 500 500 500
i 0 1 1 0 1 425 425 425
i 0 1 1 0 1 990 990 990
i 0 1 1 0 1 425 425 425
i 0 1 1 0 1 1275 1275 1275
i 0 1 1 0 1 425 425 425
i 1 1 1 0 1 425 1275 425
i 2 1 1 0 1 1250 3750 2967
i 3 1 1 0 1 425 1275 425
i 2 1 1 0 1 495 1485 495
i 4 1 1 0 1 425 1275 728
i 4 1 1 0 1 425 1275 1124
i 2 1 1 0 1 500 1500 922
i 2 1 1 0 1 425 1275 1030
i 3 1 1 0 1 1275 3825 3319
i 2 1 1 0 1 425 1275 1144
i 1 1 1 0 1 1275 3825 2200
i 1 1 1 0 1 425 1275 425
i 4 1 1 0 1 660 1980 660
i 4 1 1 0 1 1275 3825 3308
i 3 1 1 0 1 1320 3960 1944
i 2 1 1 0 1 250 750 599
i 2 1 1 0 1 425 1275 1005
i 3 1 1 0 1 425 1275 465
i 1 1 1 0 1 660 1980 1471
i 4 1 1 0 1 425 1275 425
i 2 1 1 0 1 1275 3825 2900
i 1 1 1 0 1 425 1275 756
i 3 1 1 0 1 2125 6375 2125
i 1 1 1 0 1 425 1275 425
i 4 1 1 0 1 850 2550 2217
i 4 1 1 0 1 425 1275 425
i 4 1 1 0 1 2550 7650 4919
i 4 1 1 0 1 1275 3825 1275
i 3 1 1 0 1 1275 3825 1275
i 4 1 1 0 1 425 1275 707
i 4 1 1 0 1 250 750 250
i 3 1 1 0 1 425 1275 716
i 2 1 1 0 1 425 1275 774
i 3 1 1 0 1 250 750 250
i 1 1 1 0 1 425 1275 985
i 2 1 1 0 1 250 750 544
i 2 1 1 0 1 1700 5100 4716
i 3 1 1 0 1 425 1275 793
i 1 1 1 0 1 425 1275 827
i 3 1 1 0 1 425 1275 969
i 2 1 1 0 1 425 1275 889
i 1 1 1 0 1 1275 3825 1275
i 3 1 1 0 1 850 2550 850
i 3 1 1 0 1 1275 3825 2490
i 1 1 1 0 1 1275 3825 1275
i 4 1 1 0 1 425 1275 678
i 4 1 1 0 1 2550 7650 7135
i 2 1 1 0 1 1275 3825 1275
i 3 1 1 0 1 990 2970 1148
i 1 1 1 0 1 250 750 250
i 1 1 1 0 1 425 1275 425
i 4 1 1 0 1 250 750 250
i 3 1 1 0 1 425 1275 425
i 1 1 1 0 1 425 1275 909
i 1 1 1 0 1 1275 3825 1992
i 3 1 1 0 1 425 1275 425
i 3 1 1 0 1 425 1275 999
i 2 1 1 0 1 425 1275 425
i 1 1 1 0 1 1275 3825 1275
i 3 1 1 0 1 1275 3825 3374
i 4 1 1 0 1 850 2550 850
i 3 1 1 0 1 1570 4710 1570
i 3 1 1 0 1 425 1275 425
i 3 1 1 0 1 250 750 533
i 4 1 1 0 1 1275 3825 1275
i 3 1 1 0 1 495 1485 1115
i 4 1 1 0 1 425 1275 1015
i 2 1 1 0 1 500 1500 500
i 2 1 1 0 1 1275 3825 1275
i 1 1 1 0 1 425 1275 834
i 1 1 1 0 1 425 1275 1272
i 4 1 1 0 1 425 1275 429
i 3 1 1 0 1 425 1275 425
i 1 1 1 0 1 425 1275 425
i 4 1 1 0 1 1275 3825 1275
i 2 1 1 0 1 425 1275 652
i 4 1 1 0 1 1275 3825 3683
i 4 1 1 0 1 250 750 250
i 4 1 1 0 1 425 1275 425
i 2 1 1 0 1 990 2970 990
i 3 1 1 0 1 1275 3825 3574
i 2 1 1 0 1 1275 3825 1275
i 2 1 1 0 1 425 1275 1212
i 4 1 1 0 1 425 1275 495
i 3 1 1 0 1 1275 3825 1275
i 4 1 1 0 1 425 1275 425
i 3 1 1 0 1 1275 3825 2434
i 4 1 1 0 1 165 495 165
i 1 1 1 0 1 1275 3825 1275
i 2 1 1 0 1 425 1275 425
i 3 1 1 0 1 425 1275 425
i 4 1 1 0 1 425 1275 425
i 2 1 1 0 1 1275 3825 3456
i 4 1 1 0 1 1275 3825 1275
i 3 1 1 0 1 425 1275 612
i 4 1 1 0 1 500 1500 732
i 2 1 1 0 1 425 1275 915
i 4 1 1 0 1 1275 3825 1524
i 3 1 1 0 1 1275 3825 1463
i 4 1 1 0 1 250 750 250
i 1 1 1 0 1 1275 3825 3512
i 4 1 1 0 1 425 1275 863
i 1 1 1 0 1 1275 3825 3718
i 1 1 1 0 1 425 1275 777
i 1 1 1 0 1 1275 3825 1275
i 4 1 1 0 1 250 750 250
i 2 1 1 0 1 425 1275 1237
i 1 1 1 0 1 850 2550 2294
i 3 1 1 0 1 425 1275 425
i 3 1 1 0 1 425 1275 821
i 4 1 1 0 1 1275 3825 1275
i 2 1 1 0 1 425 1275 425
i 3 1 1 0 1 425 1275 425
i 3 1 1 0 1 425 1275 669
i 1 1 1 0 1 1275 3825 1275
i 2 1 1 0 1 425 1275 1079
i 4 1 1 0 1 495 1485 495
i 3 1 1 0 1 165 495 165
i 4 1 1 0 1 425 1275 425
i 2 1 1 0 1 425 1275 425
i 2 1 1 0 1 1275 3825 1275
i 4 1 1 0 1 250 750 250
i 2 1 1 0 1 1275 3825 1275
i 2 1 1 0 1 425 1275 425
i 2 1 1 0 1 1275 3825 1275
i 2 1 1 0 1 1275 3825 1275
i 1 1 1 0 1 850 2550 850
i 3 1 1 0 1 425 1275 425
i 2 1 1 0 1 425 1275 425
i 3 1 1 0 1 1275 3825 1275
i 4 1 1 0 1 425 1275 425
i 2 1 1 0 1 425 1275 425
i 2 1 1 0 1 915 2745 915
i 3 1 1 0 1 500 1500 500
i 3 1 1 0 1 1275 3825 1275
i 4 1 1 0 1 425 1275 425
i 4 1 1 0 1 1275 3825 1275
i 3 1 1 0 1 1275 3825 1275
i 3 1 1 0 1 1275 3825 1275
i 1 1 1 0 1 425 1275 425
i 3 1 1 0 1 425 1275 425
i 1 1 1 0 1 425 1275 425
i 2 1 1 0 1 425 1275 425
i 2 1 1 0 1 1275 3825 1275
i 3 1 1 0 1 250 750 250
i 2 1 1 0 1 425 1275 425
i 4 1 1 0 1 425 1275 425
i 1 1 1 0 1 425 1275 425
i 1 1 1 0 1 250 750 250
i 3 1 1 0 1 425 1275 425
i 3 1 1 0 1 425 1275 425
i 3 1 1 0 1 425 1275 425
i 3 1 1 0 1 425 1275 425
i 3 1 1 0 1 425 1275 425
i 2 1 1 0 1 825 2475 825
k 13000 1.6
k 13000 1.6
k 13000 1.6
k 36000 3
k 36000 3
k 36000 3
k 36000 3
k 36000 3
