p 6 264 8 1 2 10000 63
i 0 1 1 0 1 425 425 425
i 0 1 1 0 1 2550 2550 2550
i 0 1 1 0 1 425 425 425
i 0 1 1 0 1 1275 1275 1275
i 0 1 1 0 1 425 425 425
i 0 1 1 0 1 250 250 250
i 0 1 1 0 1 425 425 425
i 0 1 1 0 1 1275 1275 1275
i 0 1 1 0 1 1275 1275 1275
i 0 1 1 0 1 425 425 425
i 0 1 1 0 1 1275 1275 1275
i 0 1 1 0 1 1275 1275 1275
i 0 1 1 0 1 1275 1275 1275
i 0 1 1 0 1 425 425 425
i 0 1 1 0 1 1275 1275 1275
i 0 1 1 0 1 425 425 425
i 0 1 1 0 1 850 850 850
i 0 1 1 0 1 425 425 425
i 0 1 1 0 1 1275 1275 1275
i 0 1 1 0 1 425 425 425
i 0 1 1 0 1 165 165 165
i 0 1 1 0 1 1275 1275 1275
i 0 1 1 0 1 1275 1275 1275
i 0 1 1 0 1 425 425 425
i 0 1 1 0 1 250 250 250
i 0 1 1 0 1 250 250 250
i 0 1 1 0 1 1275 1275 1275
i 0 1 1 0 1 990 990 990
i 0 1 1 0 1 425 425 425
i 0 1 1 0 1 1275 2550 1458
i 0 1 1 0 1 250 250 250
i 0 1 1 0 1 425 425 425
i 0 1 1 0 1 425 425 425
i 0 1 1 0 1 495 990 506
i 0 1 1 0 1 250 250 250
i 0 1 1 0 1 1275 1275 1275
i 0 1 1 0 1 1275 1275 1275
i 0 1 1 0 1 425 425 425
i 0 1 1 0 1 495 495 495
i 0 1 1 0 1 425 425 425
i 0 1 1 0 1 425 425 425
i 0 1 1 0 1 425 425 425
i 0 1 1 0 1 425 425 425
i 0 1 1 0 1 425 425 425
i 0 1 1 0 1 425 850 525
i 0 1 1 0 1 1275 1700 1552
i 0 1 1 0 1 1275 1275 1275
i 0 1 1 0 1 1275 1275 1275
i 0 1 1 0 1 425 425 425
i 0 1 1 0 1 425 425 425
i 0 1 1 0 1 250 250 250
i 0 1 1 0 1 425 425 425
i 0 1 1 0 1 425 425 425
i 0 1 1 0 1 850 850 850
i 0 1 1 0 1 425 425 425
i 0 1 1 0 1 425 425 425
i 0 1 1 0 1 1275 1275 1275
i 0 1 1 0 1 425 425 425
i 0 1 1 0 1 660 660 660
i 0 1 1 0 1 425 425 425
i 0 1 1 0 1 1275 1275 1275
i 0 1 1 0 1 1275 1275 1275
i 0 1 1 0 1 250 250 250
i 0 1 1 0 1 2550 2550 2550
i 0 1 1 0 1 850 850 850
i 0 1 1 0 1 1075 1075 1075
i 0 1 1 0 1 250 250 250
i 0 1 1 0 1 250 250 250
i 0 1 1 0 1 1275 1275 1275
i 0 1 1 0 1 425 850 833
i 0 1 1 0 1 425 425 425
i 0 1 1 0 1 250 250 250
i 0 1 1 0 1 1275 1275 1275
i 0 1 1 0 1 425 1275 700
i 0 1 1 0 1 1275 1275 1275
i 0 1 1 0 1 1275 1275 1275
i 0 1 1 0 1 1275 1275 1275
i 0 1 1 0 1 1275 1275 1275
i 0 1 1 0 1 425 425 425
i 0 1 1 0 1 425 425 425
i 0 1 1 0 1 1275 1275 1275
i 0 1 1 0 1 425 425 425
i 0 1 1 0 1 250 250 250
i 0 1 1 0 1 1275 1275 1275
i 0 1 1 0 1 425 425 425
i 0 1 1 0 1 1275 1275 1275
i 0 1 1 0 1 425 425 425
i 0 1 1 0 1 425 425 425
i 0 1 1 0 1 500 500 500
i 0 1 1 0 1 495 495 495
i 0 1 1 0 1 1700 1700 1700
i 0 1 1 0 1 425 425 425
i 0 1 1 0 1 425 425 425
i 0 1 1 0 1 850 850 850
i 0 1 1 0 1 425 425 425
i 0 1 1 0 1 425 425 425
i 0 1 1 0 1 850 850 850
i 0 1 1 0 1 425 425 425
i 0 1 1 0 1 165 165 165
i 0 1 1 0 1 425 425 425
i 0 1 1 0 1 1275 1275 1275
i 0 1 1 0 1 1275 1275 1275
i 0 1 1 0 1 850 850 850
i 0 1 1 0 1 500 500 500
i 0 1 1 0 1 425 425 425
i 0 1 1 0 1 990 990 990
i 0 1 1 0 1 425 425 425
i 0 1 1 0 1 1275 1275 1275
i 0 1 1 0 1 425 425 425
i 3 1 1 0 1 425 1275 1269
i 3 1 1 0 1 1275 3825 1275
i 3 1 1 0 1 425 1275 425
i 4 1 1 0 1 2550 7650 5304
i 3 1 1 0 1 425 1275 965
i 1 1 1 0 1 425 1275 425
i 2 1 1 0 1 1275 3825 2305
i 2 1 1 0 1 425 1275 473
i 4 1 1 0 1 425 1275 1210
i 3 1 1 0 1 425 1275 425
i 3 1 1 0 1 425 1275 1007
i 2 1 1 0 1 1275 3825 1275
i 3 1 1 0 1 1275 3825 1275
i 2 1 1 0 1 425 1275 425
i 3 1 1 0 1 1320 3960 1320
i 4 1 1 0 1 250 750 621
i 2 1 1 0 1 1275 3825 2305
i 3 1 1 0 1 425 1275 425
i 1 1 1 0 1 1275 3825 2509
i 3 1 1 0 1 425 1275 1189
i 2 1 1 0 1 1275 3825 1275
i 1 1 1 0 1 425 1275 741
i 1 1 1 0 1 1275 3825 3719
i 2 1 1 0 1 1700 5100 1700
i 4 1 1 0 1 250 750 549
i 4 1 1 0 1 2550 7650 2550
i 4 1 1 0 1 1275 3825 2025
i 3 1 1 0 1 250 750 417
i 4 1 1 0 1 425 1275 425
i 1 1 1 0 1 660 1980 1134
i 2 1 1 0 1 495 1485 495
i 4 1 1 0 1 425 1275 425
i 2 1 1 0 1 1275 3825 1275
i 4 1 1 0 1 425 1275 702
i 4 1 1 0 1 425 1275 425
i 3 1 1 0 1 425 1275 1039
i 3 1 1 0 1 500 1500 1078
i 3 1 1 0 1 425 1275 425
i 4 1 1 0 1 250 750 250
i 1 1 1 0 1 425 1275 1211
i 2 1 1 0 1 250 750 520
i 3 1 1 0 1 425 1275 425
i 2 1 1 0 1 500 1500 956
i 4 1 1 0 1 1275 3825 1275
i 2 1 1 0 1 250 750 250
i 4 1 1 0 1 1275 3825 1275
i 4 1 1 0 1 425 1275 1153
i 4 1 1 0 1 1275 3825 2635
i 3 1 1 0 1 425 1275 1072
i 3 1 1 0 1 1275 3825 1275
i 3 1 1 0 1 425 1275 850
i 4 1 1 0 1 250 750 634
i 1 1 1 0 1 425 1275 425
i 2 1 1 0 1 825 2475 825
i 3 1 1 0 1 1275 3825 1275
i 3 1 1 0 1 1275 3825 1275
i 3 1 1 0 1 425 1275 425
i 3 1 1 0 1 250 750 520
i 4 1 1 0 1 660 1980 1345
i 3 1 1 0 1 1275 3825 3286
i 4 1 1 0 1 425 1275 425
i 2 1 1 0 1 425 1275 425
i 3 1 1 0 1 425 1275 974
i 4 1 1 0 1 425 1275 425
i 3 1 1 0 1 425 1275 801
i 4 1 1 0 1 425 1275 840
i 4 1 1 0 1 1275 3825 2031
i 4 1 1 0 1 250 750 250
i 1 1 1 0 1 250 750 250
i 4 1 1 0 1 425 1275 1057
i 1 1 1 0 1 425 1275 1043
i 1 1 1 0 1 250 750 564
i 2 1 1 0 1 425 1275 683
i 1 1 1 0 1 1275 3825 3394
i 3 1 1 0 1 1275 3825 3561
i 1 1 1 0 1 850 2550 850
i 3 1 1 0 1 495 1485 1084
i 1 1 1 0 1 425 1275 1038
i 2 1 1 0 1 1250 3750 3545
i 2 1 1 0 1 425 1275 425
i 3 1 1 0 1 1275 3825 2944
i 4 1 1 0 1 425 1275 425
i 2 1 1 0 1 1275 3825 1303
i 1 1 1 0 1 425 1275 537
i 3 1 1 0 1 2125 6375 2125
i 1 1 1 0 1 425 1275 1256
i 1 1 1 0 1 1275 3825 3358
i 2 1 1 0 1 990 2970 990
i 2 1 1 0 1 425 1275 425
i 4 1 1 0 1 425 1275 425
i 3 1 1 0 1 425 1275 1165
i 1 1 1 0 1 425 1275 438
i 3 1 1 0 1 1275 3825 1590
i 4 1 1 0 1 425 1275 425
i 3 1 1 0 1 425 1275 425
i 1 1 1 0 1 425 1275 425
i 2 1 1 0 1 1275 3825 3090
i 1 1 1 0 1 1275 3825 1275
i 2 1 1 0 1 425 1275 425
i 3 1 1 0 1 850 2550 850
i 4 1 1 0 1 425 1275 425
i 2 1 1 0 1 425 1275 425
i 3 1 1 0 1 990 2970 990
i 4 1 1 0 1 850 2550 2068
i 3 1 1 0 1 1275 3825 1275
i 4 1 1 0 1 425 1275 425
i 2 1 1 0 1 425 1275 783
i 3 1 1 0 1 425 1275 425
i 3 1 1 0 1 1275 3825 2425
i 3 1 1 0 1 250 750 686
i 1 1 1 0 1 850 2550 850
i 1 1 1 0 1 1275 3825 1275
i 3 1 1 0 1 425 1275 963
i 4 1 1 0 1 165 495 441
i 3 1 1 0 1 1275 3825 1275
i 2 1 1 0 1 425 1275 907
i 3 1 1 0 1 1570 4710 1570
i 1 1 1 0 1 425 1275 687
i 3 1 1 0 1 425 1275 504
i 2 1 1 0 1 1275 3825 1275
i 2 1 1 0 1 425 1275 425
i 2 1 1 0 1 1275 3825 1275
i 4 1 1 0 1 850 2550 850
i 1 1 1 0 1 1275 3825 1973
i 1 1 1 0 1 425 1275 425
i 2 1 1 0 1 425 1275 425
i 1 1 1 0 1 1275 3825 1275
i 4 1 1 0 1 425 1275 425
i 4 1 1 0 1 500 1500 500
i 4 1 1 0 1 1275 3825 1275
i 4 1 1 0 1 495 1485 495
i 2 1 1 0 1 915 2745 915
i 2 1 1 0 1 425 1275 425
i 2 1 1 0 1 425 1275 425
i 4 1 1 0 1 1275 3825 1275
i 2 1 1 0 1 425 1275 425
i 3 1 1 0 1 425 1275 425
i 1 1 1 0 1 425 1275 425
i 2 1 1 0 1 500 1500 500
i 4 1 1 0 1 1275 3825 1275
i 1 1 1 0 1 425 1275 425
i 2 1 1 0 1 425 1275 425
i 2 1 1 0 1 1275 3825 1275
i 4 1 1 0 1 425 1275 425
i 4 1 1 0 1 1275 3825 1275
i 1 1 1 0 1 1275 3825 1275
i 3 1 1 0 1 425 1275 425
i 1 1 1 0 1 425 1275 425
i 3 1 1 0 1 425 1275 425
i 3 1 1 0 1 165 495 165
i 4 1 1 0 1 250 750 250
i 2 1 1 0 1 425 1275 425
i 1 1 1 0 1 1275 3825 1275
i 2 1 1 0 1 425 1275 425
i 2 1 1 0 1 425 1275 425
k 13000 1.6
k 13000 1.6
k 13000 1.6
k 36000 3
k 36000 3
k 36000 3
k 36000 3
k 36000 3
