p 6 264 8 1 2 10000 63
i 0 1 1 0 1 425 425 425
i 0 1 1 0 1 2550 2550 2550
i 0 1 1 0 1 425 425 425
i 0 1 1 0 1 1275 1275 1275
i 0 1 1 0 1 425 425 425
i 0 1 1 0 1 250 250 250
i 0 1 1 0 1 425 425 425
i 0 1 1 0 1 1275 1275 1275
i 0 1 1 0 1 1275 1275 1275
i 0 1 1 0 1 425 425 425
i 0 1 1 0 1 1275 1275 1275
i 0 1 1 0 1 1275 1275 1275
i 0 1 1 0 1 1275 1275 1275
i 0 1 1 0 1 425 425 425
i 0 1 1 0 1 1275 1275 1275
i 0 1 1 0 1 425 425 425
i 0 1 1 0 1 850 850 850
i 0 1 1 0 1 425 425 425
i 0 1 1 0 1 1275 1275 1275
i 0 1 1 0 1 425 425 425
i 0 1 1 0 1 165 165 165
i 0 1 1 0 1 1275 1275 1275
i 0 1 1 0 1 1275 1275 1275
i 0 1 1 0 1 425 425 425
i 0 1 1 0 1 250 250 250
i 0 1 1 0 1 250 250 250
i 0 1 1 0 1 1275 1275 1275
i 0 1 1 0 1 990 990 990
i 0 1 1 0 1 425 425 425
i 0 1 1 0 1 1275 2550 1458
i 0 1 1 0 1 250 250 250
i 0 1 1 0 1 425 425 425
i 0 1 1 0 1 425 425 425
i 0 1 1 0 1 495 990 506
i 0 1 1 0 1 250 250 250
i 0 1 1 0 1 1275 1275 1275
i 0 1 1 0 1 1275 1275 1275
i 0 1 1 0 1 425 425 425
i 0 1 1 0 1 495 495 495
i 0 1 1 0 1 425 425 425
i 0 1 1 0 1 425 425 425
i 0 1 1 0 1 425 425 425
i 0 1 1 0 1 425 425 425
i 0 1 1 0 1 425 425 425
i 0 1 1 0 1 425 850 525
i 0 1 1 0 1 1275 1700 1552
i 0 1 1 0 1 1275 1275 1275
i 0 1 1 0 1 1275 1275 1275
i 0 1 1 0 1 425 425 425
i 0 1 1 0 1 425 425 425
i 0 1 1 0 1 250 250 250
i 0 1 1 0 1 425 425 425
i 0 1 1 0 1 425 425 425
i 0 1 1 0 1 850 850 850
i 0 1 1 0 1 425 425 425
i 0 1 1 0 1 425 425 425
i 0 1 1 0 1 1275 1275 1275
i 0 1 1 0 1 425 425 425
i 0 1 1 0 1 660 660 660
i 0 1 1 0 1 425 425 425
i 0 1 1 0 1 1275 1275 1275
i 0 1 1 0 1 1275 1275 1275
i 0 1 1 0 1 250 250 250
i 0 1 1 0 1 2550 2550 2550
i 0 1 1 0 1 850 850 850
i 0 1 1 0 1 1075 1075 1075
i 0 1 1 0 1 250 250 250
i 0 1 1 0 1 250 250 250
i 0 1 1 0 1 1275 1275 1275
i 0 1 1 0 1 425 850 833
i 0 1 1 0 1 425 425 425
i 0 1 1 0 1 250 250 250
i 0 1 1 0 1 1275 1275 1275
i 0 1 1 0 1 425 1275 700
i 0 1 1 0 1 1275 1275 1275
i 0 1 1 0 1 1275 1275 1275
i 0 1 1 0 1 1275 1275 1275
i 0 1 1 0 1 1275 1275 1275
i 0 1 1 0 1 425 425 425
i 0 1 1 0 1 425 425 425
i 0 1 1 0 1 1275 1275 1275
i 0 1 1 0 1 425 425 425
i 0 1 1 0 1 250 250 250
i 0 1 1 0 1 1275 1275 1275
i 0 1 1 0 1 425 425 425
i 0 1 1 0 1 1275 1275 1275
i 0 1 1 0 1 425 425 425
i 0 1 1 0 1 425 425 425
i 0 1 1 0 1 500 500 500
i 0 1 1 0 1 495 495 495
i 0 1 1 0 1 1700 1700 1700
i 0 1 1 0 1 425 425 425
i 0 1 1 0 1 425 425 425
i 0 1 1 0 1 850 850 850
i 0 1 1 0 1 425 425 425
i 0 1 1 0 1 425 425 425
i 0 1 1 0 1 850 850 850
i 0 1 1 0 1 425 425 425
i 0 1 1 0 1 165 165 165
i 0 1 1 0 1 425 425 425
i 0 1 1 0 1 1275 1275 1275
i 0 1 1 0 1 1275 1275 1275
i 0 1 1 0 1 850 850 850
i 0 1 1 0 1 500 500 500
i 0 1 1 0 1 425 425 425
i 0 1 1 0 1 990 990 990
i 0 1 1 0 1 425 425 425
i 0 1 1 0 1 1275 1275 1275
i 0 1 1 0 1 425 425 425
i 4 1 1 0 1 425 1275 1108
i 3 1 1 0 1 425 1275 425
i 3 1 1 0 1 1275 3825 2809
i 3 1 1 0 1 990 2970 1388
i 1 1 1 0 1 850 2550 2521
i 4 1 1 0 1 425 1275 932
i 4 1 1 0 1 1275 3825 3330
i 2 1 1 0 1 425 1275 679
i 4 1 1 0 1 850 2550 1092
i 2 1 1 0 1 425 1275 425
i 3 1 1 0 1 425 1275 1263
i 2 1 1 0 1 425 1275 425
i 4 1 1 0 1 1275 3825 2679
i 1 1 1 0 1 1275 3825 3364
i 4 1 1 0 1 425 1275 425
i 4 1 1 0 1 425 1275 425
i 3 1 1 0 1 2125 6375 2125
i 1 1 1 0 1 1275 3825 2947
i 1 1 1 0 1 1275 3825 3629
i 4 1 1 0 1 425 1275 425
i 1 1 1 0 1 1275 3825 3430
i 4 1 1 0 1 250 750 293
i 3 1 1 0 1 500 1500 690
i 1 1 1 0 1 425 1275 425
i 4 1 1 0 1 500 1500 1380
i 4 1 1 0 1 850 2550 2317
i 3 1 1 0 1 850 2550 2315
i 3 1 1 0 1 1275 3825 2913
i 2 1 1 0 1 425 1275 425
i 2 1 1 0 1 425 1275 425
i 2 1 1 0 1 1275 3825 1275
i 2 1 1 0 1 825 2475 825
i 2 1 1 0 1 250 750 250
i 3 1 1 0 1 250 750 250
i 3 1 1 0 1 425 1275 1086
i 4 1 1 0 1 425 1275 935
i 3 1 1 0 1 1275 3825 2288
i 2 1 1 0 1 425 1275 1270
i 2 1 1 0 1 425 1275 1210
i 4 1 1 0 1 1275 3825 3296
i 2 1 1 0 1 425 1275 740
i 4 1 1 0 1 425 1275 425
i 2 1 1 0 1 1275 3825 1275
i 2 1 1 0 1 425 1275 425
i 4 1 1 0 1 425 1275 425
i 4 1 1 0 1 1275 3825 2555
i 4 1 1 0 1 250 750 362
i 3 1 1 0 1 1275 3825 1275
i 1 1 1 0 1 425 1275 1261
i 4 1 1 0 1 425 1275 870
i 1 1 1 0 1 425 1275 425
i 4 1 1 0 1 250 750 250
i 4 1 1 0 1 250 750 250
i 2 1 1 0 1 495 1485 495
i 4 1 1 0 1 425 1275 425
i 4 1 1 0 1 165 495 165
i 3 1 1 0 1 1275 3825 3566
i 1 1 1 0 1 1275 3825 1275
i 2 1 1 0 1 425 1275 956
i 1 1 1 0 1 425 1275 1154
i 2 1 1 0 1 425 1275 806
i 3 1 1 0 1 1320 3960 3618
i 1 1 1 0 1 425 1275 1169
i 1 1 1 0 1 1275 3825 1275
i 2 1 1 0 1 425 1275 425
i 3 1 1 0 1 425 1275 425
i 4 1 1 0 1 425 1275 1229
i 4 1 1 0 1 425 1275 425
i 4 1 1 0 1 1275 3825 3262
i 2 1 1 0 1 425 1275 1137
i 3 1 1 0 1 425 1275 749
i 2 1 1 0 1 1275 3825 2382
i 3 1 1 0 1 1275 3825 1275
i 2 1 1 0 1 1275 3825 1275
i 3 1 1 0 1 1275 3825 3134
i 2 1 1 0 1 425 1275 425
i 3 1 1 0 1 1275 3825 1275
i 3 1 1 0 1 1275 3825 1275
i 1 1 1 0 1 1275 3825 3050
i 4 1 1 0 1 425 1275 1042
i 1 1 1 0 1 1275 3825 3639
i 2 1 1 0 1 425 1275 425
i 2 1 1 0 1 915 2745 2452
i 1 1 1 0 1 250 750 404
i 3 1 1 0 1 425 1275 425
i 3 1 1 0 1 425 1275 425
i 1 1 1 0 1 425 1275 724
i 2 1 1 0 1 1275 3825 1275
i 2 1 1 0 1 1250 3750 3384
i 3 1 1 0 1 425 1275 425
i 4 1 1 0 1 1275 3825 2535
i 3 1 1 0 1 425 1275 425
i 3 1 1 0 1 1570 4710 4079
i 3 1 1 0 1 1275 3825 1675
i 1 1 1 0 1 850 2550 1757
i 1 1 1 0 1 425 1275 425
i 3 1 1 0 1 425 1275 959
i 3 1 1 0 1 1275 3825 1275
i 1 1 1 0 1 425 1275 425
i 2 1 1 0 1 425 1275 777
i 4 1 1 0 1 495 1485 495
i 2 1 1 0 1 500 1500 738
i 1 1 1 0 1 1275 3825 1275
i 1 1 1 0 1 425 1275 425
i 3 1 1 0 1 425 1275 425
i 3 1 1 0 1 165 495 260
i 2 1 1 0 1 1275 3825 1275
i 3 1 1 0 1 495 1485 495
i 3 1 1 0 1 425 1275 475
i 2 1 1 0 1 425 1275 699
i 2 1 1 0 1 1275 3825 1275
i 3 1 1 0 1 425 1275 425
i 4 1 1 0 1 1275 3825 2319
i 2 1 1 0 1 1700 5100 3548
i 4 1 1 0 1 2550 7650 5215
i 2 1 1 0 1 1275 3825 1275
i 4 1 1 0 1 425 1275 425
i 4 1 1 0 1 425 1275 425
i 1 1 1 0 1 660 1980 660
i 2 1 1 0 1 425 1275 425
i 1 1 1 0 1 250 750 250
i 2 1 1 0 1 500 1500 500
i 4 1 1 0 1 425 1275 425
i 3 1 1 0 1 425 1275 425
i 4 1 1 0 1 1275 3825 1275
i 3 1 1 0 1 425 1275 425
i 4 1 1 0 1 2550 7650 2550
i 1 1 1 0 1 425 1275 425
i 2 1 1 0 1 990 2970 990
i 4 1 1 0 1 1275 3825 1275
i 3 1 1 0 1 425 1275 425
i 1 1 1 0 1 425 1275 425
i 2 1 1 0 1 425 1275 425
i 3 1 1 0 1 425 1275 425
i 4 1 1 0 1 660 1980 660
i 1 1 1 0 1 425 1275 425
i 4 1 1 0 1 250 750 250
i 1 1 1 0 1 425 1275 425
i 3 1 1 0 1 425 1275 425
i 1 1 1 0 1 425 1275 425
i 3 1 1 0 1 1275 3825 1275
i 1 1 1 0 1 425 1275 425
i 4 1 1 0 1 425 1275 425
i 3 1 1 0 1 250 750 250
i 2 1 1 0 1 1275 3825 1275
i 3 1 1 0 1 425 1275 425
i 2 1 1 0 1 250 750 250
i 4 1 1 0 1 250 750 250
i 3 1 1 0 1 425 1275 425
i 3 1 1 0 1 425 1275 425
i 3 1 1 0 1 425 1275 425
i 1 1 1 0 1 1275 3825 1275
i 3 1 1 0 1 250 750 250
i 3 1 1 0 1 425 1275 425
i 2 1 1 0 1 1275 3825 1275
k 13000 1.6
k 13000 1.6
k 13000 1.6
k 36000 3
k 36000 3
k 36000 3
k 36000 3
k 36000 3
