p 6 235 9 1 2 10000 75
i 0 1 1 0 1 165 165 165
i 0 1 1 0 1 1275 1275 1275
i 0 1 1 0 1 425 425 425
i 0 1 1 0 1 425 425 425
i 0 1 1 0 1 165 165 165
i 0 1 1 0 1 165 165 165
i 0 1 1 0 1 425 425 425
i 0 1 1 0 1 2550 2550 2550
i 0 1 1 0 1 1275 1700 1616
i 0 1 1 0 1 1275 1275 1275
i 0 1 1 0 1 425 425 425
i 0 1 1 0 1 425 425 425
i 0 1 1 0 1 1275 1275 1275
i 0 1 1 0 1 850 850 850
i 0 1 1 0 1 165 165 165
i 0 1 1 0 1 1275 1275 1275
i 0 1 1 0 1 1275 1275 1275
i 0 1 1 0 1 165 165 165
i 0 1 1 0 1 425 425 425
i 0 1 1 0 1 1275 1275 1275
i 4 1 1 0 1 1275 3825 1275
i 2 1 1 0 1 165 495 366
i 1 1 1 0 1 425 1275 1007
i 4 1 1 0 1 425 1275 1147
i 4 1 1 0 1 1275 3825 1308
i 3 1 1 0 1 500 1500 500
i 4 1 1 0 1 1275 3825 3646
i 3 1 1 0 1 425 1275 1023
i 1 1 1 0 1 1275 3825 1275
i 3 1 1 0 1 165 495 494
i 4 1 1 0 1 425 1275 1062
i 1 1 1 0 1 1275 3825 1808
i 2 1 1 0 1 250 750 250
i 4 1 1 0 1 165 495 165
i 4 1 1 0 1 250 750 337
i 2 1 1 0 1 425 1275 425
i 1 1 1 0 1 1275 3825 3784
i 3 1 1 0 1 250 750 250
i 1 1 1 0 1 1275 3825 1275
i 3 1 1 0 1 250 750 250
i 1 1 1 0 1 1275 3825 1275
i 3 1 1 0 1 425 1275 1130
i 3 1 1 0 1 425 1275 425
i 4 1 1 0 1 425 1275 425
i 2 1 1 0 1 1275 3825 1275
i 3 1 1 0 1 250 750 402
i 4 1 1 0 1 850 2550 850
i 3 1 1 0 1 425 1275 425
i 2 1 1 0 1 425 1275 1026
i 3 1 1 0 1 1275 3825 1443
i 2 1 1 0 1 425 1275 425
i 2 1 1 0 1 850 2550 850
i 4 1 1 0 1 1275 3825 1829
i 1 1 1 0 1 425 1275 425
i 3 1 1 0 1 1275 3825 1275
i 4 1 1 0 1 1275 3825 3157
i 4 1 1 0 1 250 750 250
i 2 1 1 0 1 425 1275 425
i 4 1 1 0 1 425 1275 860
i 2 1 1 0 1 1275 3825 1275
i 1 1 1 0 1 2550 7650 2550
i 4 1 1 0 1 1275 3825 1275
i 3 1 1 0 1 425 1275 1078
i 4 1 1 0 1 250 750 250
i 3 1 1 0 1 1275 3825 2928
i 4 1 1 0 1 1700 5100 4618
i 3 1 1 0 1 1275 3825 1275
i 3 1 1 0 1 425 1275 570
i 4 1 1 0 1 2975 8925 2975
i 1 1 1 0 1 1275 3825 3762
i 3 1 1 0 1 250 750 250
i 1 1 1 0 1 250 750 250
i 1 1 1 0 1 1275 3825 1275
i 4 1 1 0 1 425 1275 1072
i 1 1 1 0 1 425 1275 425
i 3 1 1 0 1 425 1275 1199
i 1 1 1 0 1 425 1275 425
i 2 1 1 0 1 250 750 676
i 3 1 1 0 1 250 750 250
i 2 1 1 0 1 425 1275 600
i 4 1 1 0 1 165 495 165
i 3 1 1 0 1 425 1275 1074
i 2 1 1 0 1 2125 6375 2125
i 4 1 1 0 1 1275 3825 2959
i 2 1 1 0 1 425 1275 425
i 2 1 1 0 1 425 1275 425
i 2 1 1 0 1 1275 3825 1974
i 2 1 1 0 1 250 750 250
i 1 1 1 0 1 1275 3825 1275
i 2 1 1 0 1 425 1275 793
i 3 1 1 0 1 1275 3825 1275
i 1 1 1 0 1 165 495 165
i 4 1 1 0 1 1275 3825 1275
i 4 1 1 0 1 1275 3825 1605
i 2 1 1 0 1 1275 3825 2585
i 4 1 1 0 1 1275 3825 1275
i 3 1 1 0 1 1275 3825 3486
i 2 1 1 0 1 1275 3825 3139
i 1 1 1 0 1 425 1275 425
i 1 1 1 0 1 250 750 740
i 4 1 1 0 1 425 1275 1168
i 2 1 1 0 1 425 1275 999
i 3 1 1 0 1 425 1275 425
i 1 1 1 0 1 165 495 460
i 1 1 1 0 1 425 1275 425
i 4 1 1 0 1 250 750 502
i 4 1 1 0 1 1275 3825 3064
i 2 1 1 0 1 1275 3825 1820
i 1 1 1 0 1 425 1275 425
i 3 1 1 0 1 1275 3825 3083
i 4 1 1 0 1 425 1275 498
i 3 1 1 0 1 425 1275 425
i 3 1 1 0 1 165 495 165
i 1 1 1 0 1 1275 3825 1275
i 2 1 1 0 1 1275 3825 1275
i 3 1 1 0 1 165 495 165
i 4 1 1 0 1 1275 3825 1275
i 3 1 1 0 1 1275 3825 1275
i 3 1 1 0 1 425 1275 1212
i 2 1 1 0 1 1275 3825 3699
i 4 1 1 0 1 1275 3825 1275
i 2 1 1 0 1 1275 3825 1275
i 3 1 1 0 1 1275 3825 2146
i 3 1 1 0 1 165 495 409
i 4 1 1 0 1 425 1275 425
i 3 1 1 0 1 1700 5100 3766
i 3 1 1 0 1 165 495 165
i 1 1 1 0 1 425 1275 425
i 1 1 1 0 1 250 750 250
i 2 1 1 0 1 425 1275 425
i 2 1 1 0 1 1275 3825 2314
i 4 1 1 0 1 1275 3825 1309
i 1 1 1 0 1 1275 3825 1275
i 4 1 1 0 1 425 1275 1057
i 3 1 1 0 1 250 750 738
i 1 1 1 0 1 425 1275 565
i 4 1 1 0 1 425 1275 538
i 2 1 1 0 1 425 1275 463
i 3 1 1 0 1 850 2550 1208
i 1 1 1 0 1 425 1275 425
i 1 1 1 0 1 425 1275 622
i 1 1 1 0 1 1275 3825 1275
i 1 1 1 0 1 850 2550 2383
i 3 1 1 0 1 165 495 165
i 3 1 1 0 1 425 1275 425
i 2 1 1 0 1 165 495 380
i 3 1 1 0 1 1275 3825 1275
i 1 1 1 0 1 250 750 250
i 1 1 1 0 1 1275 3825 3134
i 2 1 1 0 1 425 1275 486
i 1 1 1 0 1 250 750 633
i 4 1 1 0 1 1275 3825 3194
i 1 1 1 0 1 1275 3825 1275
i 3 1 1 0 1 1275 3825 2033
i 4 1 1 0 1 425 1275 425
i 3 1 1 0 1 1275 3825 1956
i 1 1 1 0 1 250 750 252
i 1 1 1 0 1 425 1275 425
i 2 1 1 0 1 1275 3825 1275
i 4 1 1 0 1 1275 3825 1275
i 2 1 1 0 1 165 495 387
i 3 1 1 0 1 850 2550 1785
i 3 1 1 0 1 1275 3825 1275
i 4 1 1 0 1 425 1275 425
i 1 1 1 0 1 250 750 498
i 4 1 1 0 1 1275 3825 2314
i 3 1 1 0 1 1275 3825 2764
i 1 1 1 0 1 1700 5100 1700
i 2 1 1 0 1 1700 5100 1700
i 1 1 1 0 1 425 1275 425
i 3 1 1 0 1 2125 6375 3042
i 3 1 1 0 1 1275 3825 1275
i 2 1 1 0 1 425 1275 425
i 1 1 1 0 1 425 1275 425
i 4 1 1 0 1 165 495 165
i 3 1 1 0 1 165 495 193
i 4 1 1 0 1 425 1275 425
i 4 1 1 0 1 1275 3825 1275
i 4 1 1 0 1 1275 3825 1275
i 2 1 1 0 1 1275 3825 1275
i 1 1 1 0 1 425 1275 1052
i 2 1 1 0 1 1275 3825 1275
i 2 1 1 0 1 1700 5100 1700
i 2 1 1 0 1 425 1275 425
i 4 1 1 0 1 250 750 250
i 3 1 1 0 1 1275 3825 1275
i 4 1 1 0 1 425 1275 425
i 4 1 1 0 1 425 1275 425
i 2 1 1 0 1 500 1500 500
i 3 1 1 0 1 425 1275 425
i 2 1 1 0 1 1275 3825 1275
i 1 1 1 0 1 500 1500 500
i 1 1 1 0 1 425 1275 425
i 3 1 1 0 1 165 495 165
i 3 1 1 0 1 1275 3825 1275
i 2 1 1 0 1 250 750 250
i 1 1 1 0 1 250 750 250
i 1 1 1 0 1 425 1275 425
i 2 1 1 0 1 425 1275 425
i 1 1 1 0 1 425 1275 425
i 1 1 1 0 1 500 1500 500
i 3 1 1 0 1 1275 3825 1275
i 3 1 1 0 1 1275 3825 1275
i 3 1 1 0 1 500 1500 500
i 3 1 1 0 1 1275 3825 1275
i 2 1 1 0 1 1275 3825 1275
i 2 1 1 0 1 425 1275 425
i 1 1 1 0 1 425 1275 425
i 3 1 1 0 1 1275 3825 1275
i 3 1 1 0 1 1275 3825 1275
i 2 1 1 0 1 1275 3825 1275
i 4 1 1 0 1 425 1275 425
i 2 1 1 0 1 165 495 165
i 1 1 1 0 1 425 1275 425
i 2 1 1 0 1 1275 3825 1275
i 1 1 1 0 1 1275 3825 1275
i 4 1 1 0 1 500 1500 500
i 4 1 1 0 1 425 1275 425
i 3 1 1 0 1 425 1275 425
i 4 1 1 0 1 1275 3825 1275
i 4 1 1 0 1 1275 3825 1275
i 1 1 1 0 1 425 1275 425
i 4 1 1 0 1 1275 3825 1275
i 1 1 1 0 1 1275 3825 1275
i 3 1 1 0 1 425 1275 425
i 3 1 1 0 1 425 1275 425
i 1 1 1 0 1 165 495 165
i 3 1 1 0 1 425 1275 425
i 2 1 1 0 1 425 1275 425
i 4 1 1 0 1 1275 3825 1275
i 1 1 1 0 1 425 1275 425
i 3 1 1 0 1 165 495 165
i 3 1 1 0 1 250 750 250
i 4 1 1 0 1 1275 3825 1275
i 1 1 1 0 1 250 750 250
k 13000 1.6
k 13000 1.6
k 13000 1.6
k 36000 3
k 36000 3
k 36000 3
k 36000 3
k 36000 3
k 36000 3
