p 6 264 8 1 2 10000 63
i 0 1 1 0 1 425 425 425
i 0 1 1 0 1 2550 2550 2550
i 0 1 1 0 1 425 425 425
i 0 1 1 0 1 1275 1275 1275
i 0 1 1 0 1 425 425 425
i 0 1 1 0 1 250 250 250
i 0 1 1 0 1 425 425 425
i 0 1 1 0 1 1275 1275 1275
i 0 1 1 0 1 1275 1275 1275
i 0 1 1 0 1 425 425 425
i 0 1 1 0 1 1275 1275 1275
i 0 1 1 0 1 1275 1275 1275
i 0 1 1 0 1 1275 1275 1275
i 0 1 1 0 1 425 425 425
i 0 1 1 0 1 1275 1275 1275
i 0 1 1 0 1 425 425 425
i 0 1 1 0 1 850 850 850
i 0 1 1 0 1 425 425 425
i 0 1 1 0 1 1275 1275 1275
i 0 1 1 0 1 425 425 425
i 0 1 1 0 1 165 165 165
i 0 1 1 0 1 1275 1275 1275
i 0 1 1 0 1 1275 1275 1275
i 0 1 1 0 1 425 425 425
i 0 1 1 0 1 250 250 250
i 0 1 1 0 1 250 250 250
i 0 1 1 0 1 1275 1275 1275
i 0 1 1 0 1 990 990 990
i 0 1 1 0 1 425 425 425
i 0 1 1 0 1 1275 2550 1458
i 0 1 1 0 1 250 250 250
i 0 1 1 0 1 425 425 425
i 0 1 1 0 1 425 425 425
i 0 1 1 0 1 495 990 506
i 0 1 1 0 1 250 250 250
i 0 1 1 0 1 1275 1275 1275
i 0 1 1 0 1 1275 1275 1275
i 0 1 1 0 1 425 425 425
i 0 1 1 0 1 495 495 495
i 0 1 1 0 1 425 425 425
i 0 1 1 0 1 425 425 425
i 0 1 1 0 1 425 425 425
i 0 1 1 0 1 425 425 425
i 0 1 1 0 1 425 425 425
i 0 1 1 0 1 425 850 525
i 0 1 1 0 1 1275 1700 1552
i 0 1 1 0 1 1275 1275 1275
i 0 1 1 0 1 1275 1275 1275
i 0 1 1 0 1 425 425 425
i 0 1 1 0 1 425 425 425
i 0 1 1 0 1 250 250 250
i 0 1 1 0 1 425 425 425
i 0 1 1 0 1 425 425 425
i 0 1 1 0 1 850 850 850
i 0 1 1 0 1 425 425 425
i 0 1 1 0 1 425 425 425
i 0 1 1 0 1 1275 1275 1275
i 0 1 1 0 1 425 425 425
i 0 1 1 0 1 660 660 660
i 0 1 1 0 1 425 425 425
i 0 1 1 0 1 1275 1275 1275
i 0 1 1 0 1 1275 1275 1275
i 0 1 1 0 1 250 250 250
i 0 1 1 0 1 2550 2550 2550
i 0 1 1 0 1 850 850 850
i 0 1 1 0 1 1075 1075 1075
i 0 1 1 0 1 250 250 250
i 0 1 1 0 1 250 250 250
i 0 1 1 0 1 1275 1275 1275
i 0 1 1 0 1 425 850 833
i 0 1 1 0 1 425 425 425
i 0 1 1 0 1 250 250 250
i 0 1 1 0 1 1275 1275 1275
i 0 1 1 0 1 425 1275 700
i 0 1 1 0 1 1275 1275 1275
i 0 1 1 0 1 1275 1275 1275
i 0 1 1 0 1 1275 1275 1275
i 0 1 1 0 1 1275 1275 1275
i 0 1 1 0 1 425 425 425
i 0 1 1 0 1 425 425 425
i 0 1 1 0 1 1275 1275 1275
i 0 1 1 0 1 425 425 425
i 0 1 1 0 1 250 250 250
i 0 1 1 0 1 1275 1275 1275
i 0 1 1 0 1 425 425 425
i 0 1 1 0 1 1275 1275 1275
i 0 1 1 0 1 425 425 425
i 0 1 1 0 1 425 425 425
i 0 1 1 0 1 500 500 500
i 0 1 1 0 1 495 495 495
i 0 1 1 0 1 1700 1700 1700
i 0 1 1 0 1 425 425 425
i 0 1 1 0 1 425 425 425
i 0 1 1 0 1 850 850 850
i 0 1 1 0 1 425 425 425
i 0 1 1 0 1 425 425 425
i 0 1 1 0 1 850 850 850
i 0 1 1 0 1 425 425 425
i 0 1 1 0 1 165 165 165
i 0 1 1 0 1 425 425 425
i 0 1 1 0 1 1275 1275 1275
i 0 1 1 0 1 1275 1275 1275
i 0 1 1 0 1 850 850 850
i 0 1 1 0 1 500 500 500
i 0 1 1 0 1 425 425 425
i 0 1 1 0 1 990 990 990
i 0 1 1 0 1 425 425 425
i 0 1 1 0 1 1275 1275 1275
i 0 1 1 0 1 425 425 425
i 3 1 1 0 1 1320 3960 3381
i 2 1 1 0 1 425 1275 491
i 4 1 1 0 1 250 750 250
i 3 1 1 0 1 1570 4710 1570
i 2 1 1 0 1 425 1275 425
i 2 1 1 0 1 1275 3825 1275
i 2 1 1 0 1 915 2745 1730
i 4 1 1 0 1 425 1275 899
i 3 1 1 0 1 1275 3825 1275
i 1 1 1 0 1 425 1275 425
i 2 1 1 0 1 500 1500 898
i 1 1 1 0 1 1275 3825 2166
i 4 1 1 0 1 1275 3825 1275
i 4 1 1 0 1 425 1275 989
i 1 1 1 0 1 1275 3825 1275
i 2 1 1 0 1 425 1275 845
i 3 1 1 0 1 250 750 250
i 4 1 1 0 1 1275 3825 1275
i 2 1 1 0 1 425 1275 425
i 1 1 1 0 1 425 1275 553
i 4 1 1 0 1 425 1275 844
i 1 1 1 0 1 425 1275 425
i 4 1 1 0 1 425 1275 1078
i 4 1 1 0 1 165 495 165
i 1 1 1 0 1 425 1275 425
i 3 1 1 0 1 1275 3825 3763
i 4 1 1 0 1 1275 3825 1275
i 4 1 1 0 1 425 1275 913
i 3 1 1 0 1 425 1275 493
i 4 1 1 0 1 425 1275 1207
i 2 1 1 0 1 990 2970 990
i 4 1 1 0 1 425 1275 1130
i 2 1 1 0 1 425 1275 425
i 3 1 1 0 1 250 750 250
i 3 1 1 0 1 425 1275 425
i 4 1 1 0 1 1275 3825 2652
i 4 1 1 0 1 1275 3825 3050
i 3 1 1 0 1 425 1275 966
i 1 1 1 0 1 1275 3825 1275
i 2 1 1 0 1 425 1275 445
i 3 1 1 0 1 425 1275 1230
i 3 1 1 0 1 425 1275 425
i 2 1 1 0 1 495 1485 835
i 2 1 1 0 1 1275 3825 3330
i 3 1 1 0 1 1275 3825 3366
i 3 1 1 0 1 850 2550 850
i 3 1 1 0 1 425 1275 425
i 4 1 1 0 1 425 1275 425
i 2 1 1 0 1 1700 5100 2991
i 2 1 1 0 1 425 1275 1031
i 2 1 1 0 1 425 1275 425
i 3 1 1 0 1 1275 3825 1275
i 4 1 1 0 1 500 1500 500
i 4 1 1 0 1 425 1275 425
i 2 1 1 0 1 425 1275 425
i 1 1 1 0 1 1275 3825 1275
i 1 1 1 0 1 250 750 515
i 2 1 1 0 1 425 1275 910
i 2 1 1 0 1 1275 3825 1275
i 4 1 1 0 1 1275 3825 2930
i 2 1 1 0 1 1275 3825 1935
i 2 1 1 0 1 1275 3825 1275
i 3 1 1 0 1 425 1275 812
i 1 1 1 0 1 425 1275 425
i 1 1 1 0 1 425 1275 425
i 1 1 1 0 1 1275 3825 1275
i 3 1 1 0 1 425 1275 425
i 3 1 1 0 1 1275 3825 1397
i 2 1 1 0 1 1275 3825 2893
i 4 1 1 0 1 425 1275 425
i 2 1 1 0 1 1275 3825 3638
i 2 1 1 0 1 425 1275 425
i 2 1 1 0 1 1275 3825 1325
i 4 1 1 0 1 425 1275 425
i 1 1 1 0 1 425 1275 871
i 2 1 1 0 1 500 1500 1389
i 4 1 1 0 1 250 750 250
i 1 1 1 0 1 425 1275 1056
i 3 1 1 0 1 425 1275 604
i 1 1 1 0 1 1275 3825 2958
i 2 1 1 0 1 425 1275 699
i 3 1 1 0 1 1275 3825 2449
i 1 1 1 0 1 1275 3825 2202
i 1 1 1 0 1 1275 3825 1847
i 3 1 1 0 1 500 1500 500
i 1 1 1 0 1 425 1275 425
i 4 1 1 0 1 425 1275 425
i 2 1 1 0 1 425 1275 1072
i 3 1 1 0 1 425 1275 425
i 4 1 1 0 1 2550 7650 2550
i 3 1 1 0 1 425 1275 425
i 3 1 1 0 1 425 1275 425
i 3 1 1 0 1 1275 3825 1275
i 1 1 1 0 1 250 750 470
i 2 1 1 0 1 425 1275 618
i 4 1 1 0 1 1275 3825 3313
i 4 1 1 0 1 250 750 448
i 1 1 1 0 1 425 1275 999
i 3 1 1 0 1 250 750 250
i 1 1 1 0 1 425 1275 425
i 4 1 1 0 1 850 2550 850
i 3 1 1 0 1 1275 3825 3039
i 3 1 1 0 1 425 1275 1255
i 2 1 1 0 1 250 750 250
i 1 1 1 0 1 660 1980 660
i 4 1 1 0 1 1275 3825 1275
i 4 1 1 0 1 250 750 675
i 4 1 1 0 1 1275 3825 1439
i 3 1 1 0 1 165 495 165
i 3 1 1 0 1 425 1275 425
i 2 1 1 0 1 425 1275 1141
i 4 1 1 0 1 850 2550 850
i 4 1 1 0 1 425 1275 502
i 3 1 1 0 1 990 2970 2399
i 2 1 1 0 1 425 1275 425
i 4 1 1 0 1 495 1485 495
i 1 1 1 0 1 850 2550 850
i 3 1 1 0 1 425 1275 425
i 3 1 1 0 1 425 1275 425
i 3 1 1 0 1 425 1275 425
i 2 1 1 0 1 425 1275 425
i 3 1 1 0 1 425 1275 745
i 3 1 1 0 1 425 1275 425
i 2 1 1 0 1 1275 3825 1275
i 3 1 1 0 1 1275 3825 1275
i 4 1 1 0 1 425 1275 425
i 3 1 1 0 1 1275 3825 1275
i 1 1 1 0 1 1275 3825 3414
i 1 1 1 0 1 425 1275 425
i 2 1 1 0 1 825 2475 2311
i 3 1 1 0 1 425 1275 425
i 2 1 1 0 1 1275 3825 1275
i 2 1 1 0 1 250 750 250
i 3 1 1 0 1 495 1485 495
i 1 1 1 0 1 425 1275 574
i 3 1 1 0 1 1275 3825 1275
i 4 1 1 0 1 2550 7650 2550
i 4 1 1 0 1 250 750 250
i 3 1 1 0 1 2125 6375 2125
i 4 1 1 0 1 425 1275 1168
i 1 1 1 0 1 1275 3825 1275
i 4 1 1 0 1 660 1980 660
i 3 1 1 0 1 425 1275 1105
i 3 1 1 0 1 1275 3825 1275
i 4 1 1 0 1 425 1275 425
i 2 1 1 0 1 425 1275 425
i 2 1 1 0 1 1250 3750 1250
i 1 1 1 0 1 850 2550 850
i 2 1 1 0 1 425 1275 425
i 1 1 1 0 1 425 1275 425
i 3 1 1 0 1 425 1275 425
i 1 1 1 0 1 425 1275 425
i 4 1 1 0 1 425 1275 425
i 3 1 1 0 1 425 1275 425
i 4 1 1 0 1 250 750 250
k 13000 1.6
k 13000 1.6
k 13000 1.6
k 36000 3
k 36000 3
k 36000 3
k 36000 3
k 36000 3
