p 6 264 8 1 2 10000 63
i 0 1 1 0 1 425 425 425
i 0 1 1 0 1 2550 2550 2550
i 0 1 1 0 1 425 425 425
i 0 1 1 0 1 1275 1275 1275
i 0 1 1 0 1 425 425 425
i 0 1 1 0 1 250 250 250
i 0 1 1 0 1 425 425 425
i 0 1 1 0 1 1275 1275 1275
i 0 1 1 0 1 1275 1275 1275
i 0 1 1 0 1 425 425 425
i 0 1 1 0 1 1275 1275 1275
i 0 1 1 0 1 1275 1275 1275
i 0 1 1 0 1 1275 1275 1275
i 0 1 1 0 1 425 425 425
i 0 1 1 0 1 1275 1275 1275
i 0 1 1 0 1 425 425 425
i 0 1 1 0 1 850 850 850
i 0 1 1 0 1 425 425 425
i 0 1 1 0 1 1275 1275 1275
i 0 1 1 0 1 425 425 425
i 0 1 1 0 1 165 165 165
i 0 1 1 0 1 1275 1275 1275
i 0 1 1 0 1 1275 1275 1275
i 0 1 1 0 1 425 425 425
i 0 1 1 0 1 250 250 250
i 0 1 1 0 1 250 250 250
i 0 1 1 0 1 1275 1275 1275
i 0 1 1 0 1 990 990 990
i 0 1 1 0 1 425 425 425
i 0 1 1 0 1 1275 2550 1458
i 0 1 1 0 1 250 250 250
i 0 1 1 0 1 425 425 425
i 0 1 1 0 1 425 425 425
i 0 1 1 0 1 495 990 506
i 0 1 1 0 1 250 250 250
i 0 1 1 0 1 1275 1275 1275
i 0 1 1 0 1 1275 1275 1275
i 0 1 1 0 1 425 425 425
i 0 1 1 0 1 495 495 495
i 0 1 1 0 1 425 425 425
i 0 1 1 0 1 425 425 425
i 0 1 1 0 1 425 425 425
i 0 1 1 0 1 425 425 425
i 0 1 1 0 1 425 425 425
i 0 1 1 0 1 425 850 525
i 0 1 1 0 1 1275 1700 1552
i 0 1 1 0 1 1275 1275 1275
i 0 1 1 0 1 1275 1275 1275
i 0 1 1 0 1 425 425 425
i 0 1 1 0 1 425 425 425
i 0 1 1 0 1 250 250 250
i 0 1 1 0 1 425 425 425
i 0 1 1 0 1 425 425 425
i 0 1 1 0 1 850 850 850
i 0 1 1 0 1 425 425 425
i 0 1 1 0 1 425 425 425
i 0 1 1 0 1 1275 1275 1275
i 0 1 1 0 1 425 425 425
i 0 1 1 0 1 660 660 660
i 0 1 1 0 1 425 425 425
i 0 1 1 0 1 1275 1275 1275
i 0 1 1 0 1 1275 1275 1275
i 0 1 1 0 1 250 250 250
i 0 1 1 0 1 2550 2550 2550
i 0 1 1 0 1 850 850 850
i 0 1 1 0 1 1075 1075 1075
i 0 1 1 0 1 250 250 250
i 0 1 1 0 1 250 250 250
i 0 1 1 0 1 1275 1275 1275
i 0 1 1 0 1 425 850 833
i 0 1 1 0 1 425 425 425
i 0 1 1 0 1 250 250 250
i 0 1 1 0 1 1275 1275 1275
i 0 1 1 0 1 425 1275 700
i 0 1 1 0 1 1275 1275 1275
i 0 1 1 0 1 1275 1275 1275
i 0 1 1 0 1 1275 1275 1275
i 0 1 1 0 1 1275 1275 1275
i 0 1 1 0 1 425 425 425
i 0 1 1 0 1 425 425 425
i 0 1 1 0 1 1275 1275 1275
i 0 1 1 0 1 425 425 425
i 0 1 1 0 1 250 250 250
i 0 1 1 0 1 1275 1275 1275
i 0 1 1 0 1 425 425 425
i 0 1 1 0 1 1275 1275 1275
i 0 1 1 0 1 425 425 425
i 0 1 1 0 1 425 425 425
i 0 1 1 0 1 500 500 500
i 0 1 1 0 1 495 495 495
i 0 1 1 0 1 1700 1700 1700
i 0 1 1 0 1 425 425 425
i 0 1 1 0 1 425 425 425
i 0 1 1 0 1 850 850 850
i 0 1 1 0 1 425 425 425
i 0 1 1 0 1 425 425 425
i 0 1 1 0 1 850 850 850
i 0 1 1 0 1 425 425 425
i 0 1 1 0 1 165 165 165
i 0 1 1 0 1 425 425 425
i 0 1 1 0 1 1275 1275 1275
i 0 1 1 0 1 1275 1275 1275
i 0 1 1 0 1 850 850 850
i 0 1 1 0 1 500 500 500
i 0 1 1 0 1 425 425 425
i 0 1 1 0 1 990 990 990
i 0 1 1 0 1 425 425 425
i 0 1 1 0 1 1275 1275 1275
i 0 1 1 0 1 425 425 425
i 1 1 1 0 1 1275 3825 1275
i 2 1 1 0 1 500 1500 500
i 3 1 1 0 1 425 1275 425
i 3 1 1 0 1 425 1275 656
i 4 1 1 0 1 425 1275 425
i 1 1 1 0 1 425 1275 425
i 1 1 1 0 1 425 1275 425
i 3 1 1 0 1 1275 3825 2470
i 2 1 1 0 1 1275 3825 2814
i 3 1 1 0 1 425 1275 425
i 2 1 1 0 1 425 1275 533
i 3 1 1 0 1 425 1275 720
i 2 1 1 0 1 425 1275 911
i 4 1 1 0 1 1275 3825 1275
i 3 1 1 0 1 2125 6375 2125
i 3 1 1 0 1 990 2970 990
i 3 1 1 0 1 1275 3825 1275
i 3 1 1 0 1 425 1275 425
i 1 1 1 0 1 1275 3825 1275
i 4 1 1 0 1 850 2550 918
i 1 1 1 0 1 425 1275 1058
i 1 1 1 0 1 1275 3825 1740
i 2 1 1 0 1 425 1275 425
i 1 1 1 0 1 425 1275 425
i 3 1 1 0 1 1275 3825 1275
i 2 1 1 0 1 425 1275 425
i 2 1 1 0 1 425 1275 1222
i 1 1 1 0 1 250 750 250
i 4 1 1 0 1 1275 3825 2259
i 2 1 1 0 1 1275 3825 3007
i 1 1 1 0 1 1275 3825 1275
i 1 1 1 0 1 1275 3825 1275
i 4 1 1 0 1 2550 7650 2550
i 1 1 1 0 1 1275 3825 1275
i 1 1 1 0 1 1275 3825 1275
i 3 1 1 0 1 425 1275 875
i 1 1 1 0 1 425 1275 425
i 4 1 1 0 1 2550 7650 2953
i 2 1 1 0 1 825 2475 825
i 3 1 1 0 1 425 1275 702
i 3 1 1 0 1 495 1485 495
i 3 1 1 0 1 1320 3960 1320
i 3 1 1 0 1 1275 3825 1500
i 4 1 1 0 1 1275 3825 1275
i 4 1 1 0 1 425 1275 782
i 3 1 1 0 1 425 1275 425
i 1 1 1 0 1 425 1275 425
i 2 1 1 0 1 425 1275 425
i 2 1 1 0 1 495 1485 778
i 3 1 1 0 1 250 750 250
i 1 1 1 0 1 425 1275 568
i 4 1 1 0 1 250 750 264
i 4 1 1 0 1 425 1275 425
i 2 1 1 0 1 1275 3825 1275
i 1 1 1 0 1 1275 3825 1998
i 2 1 1 0 1 425 1275 425
i 3 1 1 0 1 425 1275 1225
i 4 1 1 0 1 850 2550 2477
i 4 1 1 0 1 1275 3825 1275
i 3 1 1 0 1 1275 3825 1275
i 1 1 1 0 1 425 1275 1030
i 3 1 1 0 1 425 1275 425
i 3 1 1 0 1 425 1275 425
i 3 1 1 0 1 250 750 250
i 4 1 1 0 1 495 1485 1409
i 1 1 1 0 1 1275 3825 1275
i 1 1 1 0 1 425 1275 1061
i 4 1 1 0 1 425 1275 425
i 2 1 1 0 1 425 1275 926
i 3 1 1 0 1 1275 3825 1591
i 1 1 1 0 1 850 2550 1388
i 3 1 1 0 1 425 1275 778
i 1 1 1 0 1 425 1275 644
i 2 1 1 0 1 1700 5100 1700
i 3 1 1 0 1 425 1275 782
i 2 1 1 0 1 1275 3825 1686
i 2 1 1 0 1 1275 3825 1275
i 3 1 1 0 1 425 1275 425
i 3 1 1 0 1 425 1275 425
i 1 1 1 0 1 1275 3825 2533
i 3 1 1 0 1 1570 4710 1570
i 1 1 1 0 1 425 1275 1118
i 4 1 1 0 1 500 1500 500
i 2 1 1 0 1 425 1275 425
i 2 1 1 0 1 425 1275 425
i 1 1 1 0 1 660 1980 660
i 4 1 1 0 1 425 1275 1174
i 4 1 1 0 1 425 1275 484
i 4 1 1 0 1 1275 3825 1275
i 4 1 1 0 1 250 750 250
i 2 1 1 0 1 915 2745 1471
i 3 1 1 0 1 1275 3825 2067
i 2 1 1 0 1 250 750 250
i 3 1 1 0 1 425 1275 1109
i 4 1 1 0 1 425 1275 877
i 3 1 1 0 1 1275 3825 1275
i 3 1 1 0 1 850 2550 850
i 2 1 1 0 1 990 2970 1371
i 3 1 1 0 1 165 495 165
i 4 1 1 0 1 1275 3825 1547
i 3 1 1 0 1 425 1275 778
i 2 1 1 0 1 425 1275 425
i 3 1 1 0 1 425 1275 1116
i 2 1 1 0 1 1275 3825 2633
i 4 1 1 0 1 425 1275 425
i 4 1 1 0 1 660 1980 660
i 3 1 1 0 1 500 1500 500
i 4 1 1 0 1 425 1275 425
i 1 1 1 0 1 850 2550 850
i 1 1 1 0 1 425 1275 425
i 4 1 1 0 1 425 1275 425
i 2 1 1 0 1 1250 3750 1250
i 4 1 1 0 1 250 750 250
i 4 1 1 0 1 425 1275 1159
i 2 1 1 0 1 425 1275 425
i 3 1 1 0 1 1275 3825 2489
i 2 1 1 0 1 425 1275 425
i 3 1 1 0 1 1275 3825 1275
i 4 1 1 0 1 425 1275 425
i 3 1 1 0 1 425 1275 677
i 4 1 1 0 1 425 1275 425
i 3 1 1 0 1 425 1275 914
i 2 1 1 0 1 1275 3825 1275
i 2 1 1 0 1 1275 3825 3079
i 4 1 1 0 1 1275 3825 1275
i 2 1 1 0 1 1275 3825 1275
i 4 1 1 0 1 1275 3825 1275
i 2 1 1 0 1 425 1275 425
i 4 1 1 0 1 250 750 376
i 4 1 1 0 1 425 1275 556
i 4 1 1 0 1 1275 3825 1275
i 3 1 1 0 1 1275 3825 3560
i 2 1 1 0 1 425 1275 1125
i 2 1 1 0 1 425 1275 425
i 2 1 1 0 1 425 1275 425
i 1 1 1 0 1 425 1275 608
i 3 1 1 0 1 425 1275 982
i 3 1 1 0 1 1275 3825 1275
i 1 1 1 0 1 425 1275 824
i 3 1 1 0 1 250 750 250
i 4 1 1 0 1 250 750 250
i 3 1 1 0 1 425 1275 916
i 2 1 1 0 1 425 1275 560
i 2 1 1 0 1 500 1500 500
i 2 1 1 0 1 250 750 250
i 4 1 1 0 1 425 1275 818
i 4 1 1 0 1 425 1275 425
i 2 1 1 0 1 425 1275 1229
i 4 1 1 0 1 250 750 512
i 4 1 1 0 1 425 1275 425
i 2 1 1 0 1 1275 3825 1275
i 1 1 1 0 1 250 750 250
i 1 1 1 0 1 425 1275 425
i 4 1 1 0 1 165 495 165
i 3 1 1 0 1 425 1275 425
k 13000 1.6
k 13000 1.6
k 13000 1.6
k 36000 3
k 36000 3
k 36000 3
k 36000 3
k 36000 3
