p 6 264 8 1 2 10000 63
i 0 1 1 0 1 425 425 425
i 0 1 1 0 1 2550 2550 2550
i 0 1 1 0 1 425 425 425
i 0 1 1 0 1 1275 1275 1275
i 0 1 1 0 1 425 425 425
i 0 1 1 0 1 250 250 250
i 0 1 1 0 1 425 425 425
i 0 1 1 0 1 1275 1275 1275
i 0 1 1 0 1 1275 1275 1275
i 0 1 1 0 1 425 425 425
i 0 1 1 0 1 1275 1275 1275
i 0 1 1 0 1 1275 1275 1275
i 0 1 1 0 1 1275 1275 1275
i 0 1 1 0 1 425 425 425
i 0 1 1 0 1 1275 1275 1275
i 0 1 1 0 1 425 425 425
i 0 1 1 0 1 850 850 850
i 0 1 1 0 1 425 425 425
i 0 1 1 0 1 1275 1275 1275
i 0 1 1 0 1 425 425 425
i 0 1 1 0 1 165 165 165
i 0 1 1 0 1 1275 1275 1275
i 0 1 1 0 1 1275 1275 1275
i 0 1 1 0 1 425 425 425
i 0 1 1 0 1 250 250 250
i 0 1 1 0 1 250 250 250
i 0 1 1 0 1 1275 1275 1275
i 0 1 1 0 1 990 990 990
i 0 1 1 0 1 425 425 425
i 0 1 1 0 1 1275 2550 1458
i 0 1 1 0 1 250 250 250
i 0 1 1 0 1 425 425 425
i 0 1 1 0 1 425 425 425
i 0 1 1 0 1 495 990 506
i 0 1 1 0 1 250 250 250
i 0 1 1 0 1 1275 1275 1275
i 0 1 1 0 1 1275 1275 1275
i 0 1 1 0 1 425 425 425
i 0 1 1 0 1 495 495 495
i 0 1 1 0 1 425 425 425
i 0 1 1 0 1 425 425 425
i 0 1 1 0 1 425 425 425
i 0 1 1 0 1 425 425 425
i 0 1 1 0 1 425 425 425
i 0 1 1 0 1 425 850 525
i 0 1 1 0 1 1275 1700 1552
i 0 1 1 0 1 1275 1275 1275
i 0 1 1 0 1 1275 1275 1275
i 0 1 1 0 1 425 425 425
i 0 1 1 0 1 425 425 425
i 0 1 1 0 1 250 250 250
i 0 1 1 0 1 425 425 425
i 0 1 1 0 1 425 425 425
i 0 1 1 0 1 850 850 850
i 0 1 1 0 1 425 425 425
i 0 1 1 0 1 425 425 425
i 0 1 1 0 1 1275 1275 1275
i 0 1 1 0 1 425 425 425
i 0 1 1 0 1 660 660 660
i 0 1 1 0 1 425 425 425
i 0 1 1 0 1 1275 1275 1275
i 0 1 1 0 1 1275 1275 1275
i 0 1 1 0 1 250 250 250
i 0 1 1 0 1 2550 2550 2550
i 0 1 1 0 1 850 850 850
i 0 1 1 0 1 1075 1075 1075
i 0 1 1 0 1 250 250 250
i 0 1 1 0 1 250 250 250
i 0 1 1 0 1 1275 1275 1275
i 0 1 1 0 1 425 850 833
i 0 1 1 0 1 425 425 425
i 0 1 1 0 1 250 250 250
i 0 1 1 0 1 1275 1275 1275
i 0 1 1 0 1 425 1275 700
i 0 1 1 0 1 1275 1275 1275
i 0 1 1 0 1 1275 1275 1275
i 0 1 1 0 1 1275 1275 1275
i 0 1 1 0 1 1275 1275 1275
i 0 1 1 0 1 425 425 425
i 0 1 1 0 1 425 425 425
i 0 1 1 0 1 1275 1275 1275
i 0 1 1 0 1 425 425 425
i 0 1 1 0 1 250 250 250
i 0 1 1 0 1 1275 1275 1275
i 0 1 1 0 1 425 425 425
i 0 1 1 0 1 1275 1275 1275
i 0 1 1 0 1 425 425 425
i 0 1 1 0 1 425 425 425
i 0 1 1 0 1 500 500 500
i 0 1 1 0 1 495 495 495
i 0 1 1 0 1 1700 1700 1700
i 0 1 1 0 1 425 425 425
i 0 1 1 0 1 425 425 425
i 0 1 1 0 1 850 850 850
i 0 1 1 0 1 425 425 425
i 0 1 1 0 1 425 425 425
i 0 1 1 0 1 850 850 850
i 0 1 1 0 1 425 425 425
i 0 1 1 0 1 165 165 165
i 0 1 1 0 1 425 425 425
i 0 1 1 0 1 1275 1275 1275
i 0 1 1 0 1 1275 1275 1275
i 0 1 1 0 1 850 850 850
i 0 1 1 0 1 500 500 500
i 0 1 1 0 1 425 425 425
i 0 1 1 0 1 990 990 990
i 0 1 1 0 1 425 425 425
i 0 1 1 0 1 1275 1275 1275
i 0 1 1 0 1 425 425 425
i 1 1 1 0 1 1275 3825 2809
i 3 1 1 0 1 1275 3825 2875
i 2 1 1 0 1 1275 3825 1275
i 3 1 1 0 1 425 1275 1202
i 3 1 1 0 1 1275 3825 1445
i 3 1 1 0 1 425 1275 425
i 3 1 1 0 1 425 1275 788
i 2 1 1 0 1 1275 3825 3176
i 3 1 1 0 1 425 1275 649
i 4 1 1 0 1 425 1275 574
i 3 1 1 0 1 1570 4710 1570
i 4 1 1 0 1 850 2550 1496
i 3 1 1 0 1 1275 3825 1275
i 4 1 1 0 1 425 1275 425
i 2 1 1 0 1 425 1275 425
i 4 1 1 0 1 425 1275 425
i 3 1 1 0 1 1275 3825 1275
i 1 1 1 0 1 1275 3825 3316
i 4 1 1 0 1 250 750 250
i 1 1 1 0 1 1275 3825 1275
i 1 1 1 0 1 425 1275 425
i 4 1 1 0 1 1275 3825 3666
i 2 1 1 0 1 425 1275 955
i 2 1 1 0 1 425 1275 425
i 2 1 1 0 1 425 1275 425
i 3 1 1 0 1 425 1275 425
i 4 1 1 0 1 1275 3825 1275
i 3 1 1 0 1 1275 3825 1459
i 1 1 1 0 1 425 1275 570
i 3 1 1 0 1 250 750 538
i 4 1 1 0 1 1275 3825 1275
i 4 1 1 0 1 250 750 250
i 3 1 1 0 1 250 750 250
i 4 1 1 0 1 425 1275 793
i 4 1 1 0 1 495 1485 794
i 4 1 1 0 1 425 1275 425
i 1 1 1 0 1 425 1275 626
i 3 1 1 0 1 990 2970 990
i 4 1 1 0 1 500 1500 500
i 1 1 1 0 1 425 1275 425
i 1 1 1 0 1 850 2550 850
i 2 1 1 0 1 915 2745 915
i 2 1 1 0 1 425 1275 671
i 2 1 1 0 1 1275 3825 3265
i 2 1 1 0 1 425 1275 953
i 2 1 1 0 1 425 1275 1166
i 3 1 1 0 1 1320 3960 2020
i 4 1 1 0 1 425 1275 1170
i 3 1 1 0 1 500 1500 1023
i 4 1 1 0 1 2550 7650 5253
i 4 1 1 0 1 250 750 399
i 2 1 1 0 1 500 1500 700
i 2 1 1 0 1 1275 3825 1275
i 2 1 1 0 1 1275 3825 3519
i 2 1 1 0 1 1250 3750 1250
i 1 1 1 0 1 1275 3825 2966
i 3 1 1 0 1 425 1275 425
i 3 1 1 0 1 425 1275 678
i 2 1 1 0 1 1275 3825 2163
i 1 1 1 0 1 250 750 744
i 1 1 1 0 1 1275 3825 3469
i 1 1 1 0 1 250 750 404
i 4 1 1 0 1 425 1275 425
i 1 1 1 0 1 1275 3825 1801
i 2 1 1 0 1 425 1275 425
i 2 1 1 0 1 425 1275 1165
i 2 1 1 0 1 1700 5100 1700
i 3 1 1 0 1 425 1275 833
i 1 1 1 0 1 425 1275 1193
i 1 1 1 0 1 425 1275 1128
i 3 1 1 0 1 425 1275 1272
i 3 1 1 0 1 1275 3825 2519
i 2 1 1 0 1 990 2970 2710
i 2 1 1 0 1 425 1275 425
i 2 1 1 0 1 1275 3825 1275
i 3 1 1 0 1 1275 3825 1275
i 3 1 1 0 1 1275 3825 1708
i 3 1 1 0 1 425 1275 425
i 1 1 1 0 1 425 1275 957
i 1 1 1 0 1 850 2550 915
i 3 1 1 0 1 425 1275 425
i 1 1 1 0 1 1275 3825 1514
i 3 1 1 0 1 425 1275 1262
i 1 1 1 0 1 425 1275 1191
i 4 1 1 0 1 1275 3825 1801
i 4 1 1 0 1 250 750 561
i 3 1 1 0 1 425 1275 425
i 2 1 1 0 1 425 1275 1145
i 2 1 1 0 1 425 1275 425
i 3 1 1 0 1 425 1275 425
i 4 1 1 0 1 425 1275 425
i 1 1 1 0 1 425 1275 425
i 1 1 1 0 1 425 1275 920
i 1 1 1 0 1 660 1980 1890
i 2 1 1 0 1 425 1275 425
i 3 1 1 0 1 850 2550 1604
i 2 1 1 0 1 825 2475 1256
i 2 1 1 0 1 500 1500 500
i 2 1 1 0 1 425 1275 575
i 4 1 1 0 1 250 750 250
i 4 1 1 0 1 2550 7650 2550
i 4 1 1 0 1 1275 3825 1275
i 4 1 1 0 1 425 1275 606
i 3 1 1 0 1 425 1275 425
i 4 1 1 0 1 1275 3825 1275
i 3 1 1 0 1 425 1275 626
i 4 1 1 0 1 425 1275 884
i 2 1 1 0 1 250 750 532
i 3 1 1 0 1 250 750 684
i 4 1 1 0 1 425 1275 425
i 4 1 1 0 1 425 1275 1205
i 3 1 1 0 1 1275 3825 1275
i 4 1 1 0 1 250 750 250
i 2 1 1 0 1 1275 3825 1275
i 3 1 1 0 1 2125 6375 2125
i 2 1 1 0 1 425 1275 425
i 2 1 1 0 1 425 1275 425
i 4 1 1 0 1 425 1275 425
i 4 1 1 0 1 850 2550 850
i 3 1 1 0 1 425 1275 425
i 4 1 1 0 1 660 1980 660
i 1 1 1 0 1 1275 3825 1275
i 2 1 1 0 1 495 1485 495
i 1 1 1 0 1 425 1275 425
i 1 1 1 0 1 1275 3825 1275
i 4 1 1 0 1 425 1275 425
i 3 1 1 0 1 425 1275 425
i 4 1 1 0 1 1275 3825 1275
i 1 1 1 0 1 425 1275 425
i 3 1 1 0 1 425 1275 425
i 3 1 1 0 1 425 1275 425
i 3 1 1 0 1 425 1275 425
i 2 1 1 0 1 1275 3825 1275
i 1 1 1 0 1 425 1275 425
i 3 1 1 0 1 425 1275 425
i 4 1 1 0 1 165 495 165
i 1 1 1 0 1 425 1275 425
i 4 1 1 0 1 425 1275 425
i 2 1 1 0 1 425 1275 425
i 3 1 1 0 1 425 1275 425
i 2 1 1 0 1 425 1275 425
i 3 1 1 0 1 165 495 165
i 3 1 1 0 1 1275 3825 1275
i 4 1 1 0 1 425 1275 425
i 4 1 1 0 1 1275 3825 1275
i 3 1 1 0 1 1275 3825 1275
i 3 1 1 0 1 1275 3825 1275
i 1 1 1 0 1 425 1275 425
i 2 1 1 0 1 425 1275 425
i 2 1 1 0 1 250 750 250
i 2 1 1 0 1 1275 3825 1275
i 4 1 1 0 1 425 1275 425
i 1 1 1 0 1 1275 3825 1275
i 3 1 1 0 1 495 1485 495
i 4 1 1 0 1 1275 3825 1275
k 13000 1.6
k 13000 1.6
k 13000 1.6
k 36000 3
k 36000 3
k 36000 3
k 36000 3
k 36000 3
