p 6 230 8 1 2 10000 81
i 0 1 1 0 1 255 255 255
i 0 1 1 0 1 255 255 255
i 1 1 1 0 1 150 450 430
i 1 1 1 0 1 510 1530 796
i 1 1 1 0 1 255 765 453
i 1 1 1 0 1 255 765 255
i 1 1 1 0 1 255 765 537
i 3 1 1 0 1 255 765 762
i 4 1 1 0 1 255 765 598
i 1 1 1 0 1 510 1530 510
i 4 1 1 0 1 510 1530 1090
i 1 1 1 0 1 765 2295 1805
i 1 1 1 0 1 765 2295 1720
i 4 1 1 0 1 765 2295 765
i 3 1 1 0 1 255 765 255
i 3 1 1 0 1 255 765 596
i 1 1 1 0 1 1530 4590 1530
i 4 1 1 0 1 765 2295 765
i 3 1 1 0 1 255 765 255
i 2 1 1 0 1 510 1530 1229
i 1 1 1 0 1 255 765 616
i 3 1 1 0 1 765 2295 765
i 1 1 1 0 1 510 1530 510
i 1 1 1 0 1 765 2295 924
i 2 1 1 0 1 510 1530 510
i 3 1 1 0 1 255 765 255
i 2 1 1 0 1 510 1530 510
i 1 1 1 0 1 255 765 407
i 1 1 1 0 1 510 1530 510
i 2 1 1 0 1 255 765 255
i 2 1 1 0 1 255 765 255
i 1 1 1 0 1 255 765 255
i 3 1 1 0 1 300 900 895
i 1 1 1 0 1 765 2295 1240
i 2 1 1 0 1 99 297 116
i 4 1 1 0 1 765 2295 765
i 2 1 1 0 1 255 765 597
i 1 1 1 0 1 255 765 442
i 1 1 1 0 1 765 2295 1875
i 3 1 1 0 1 765 2295 765
i 2 1 1 0 1 765 2295 765
i 2 1 1 0 1 150 450 150
i 3 1 1 0 1 255 765 255
i 3 1 1 0 1 765 2295 2169
i 3 1 1 0 1 255 765 255
i 2 1 1 0 1 255 765 255
i 2 1 1 0 1 255 765 255
i 3 1 1 0 1 255 765 725
i 1 1 1 0 1 255 765 255
i 4 1 1 0 1 510 1530 1426
i 2 1 1 0 1 765 2295 765
i 2 1 1 0 1 255 765 255
i 1 1 1 0 1 765 2295 765
i 1 1 1 0 1 255 765 255
i 2 1 1 0 1 255 765 680
i 1 1 1 0 1 765 2295 765
i 2 1 1 0 1 765 2295 911
i 2 1 1 0 1 510 1530 510
i 2 1 1 0 1 765 2295 1398
i 2 1 1 0 1 255 765 452
i 1 1 1 0 1 150 450 150
i 1 1 1 0 1 765 2295 765
i 1 1 1 0 1 510 1530 510
i 4 1 1 0 1 255 765 255
i 1 1 1 0 1 255 765 255
i 1 1 1 0 1 765 2295 765
i 3 1 1 0 1 1530 4590 1530
i 1 1 1 0 1 150 450 150
i 4 1 1 0 1 765 2295 765
i 4 1 1 0 1 150 450 251
i 4 1 1 0 1 1020 3060 2925
i 3 1 1 0 1 255 765 255
i 1 1 1 0 1 255 765 255
i 2 1 1 0 1 150 450 154
i 3 1 1 0 1 255 765 364
i 1 1 1 0 1 510 1530 592
i 2 1 1 0 1 765 2295 1207
i 2 1 1 0 1 510 1530 510
i 2 1 1 0 1 255 765 618
i 3 1 1 0 1 510 1530 1518
i 1 1 1 0 1 765 2295 788
i 2 1 1 0 1 99 297 99
i 4 1 1 0 1 255 765 255
i 2 1 1 0 1 765 2295 765
i 3 1 1 0 1 1020 3060 2003
i 1 1 1 0 1 765 2295 765
i 2 1 1 0 1 255 765 255
i 4 1 1 0 1 255 765 255
i 1 1 1 0 1 765 2295 2253
i 4 1 1 0 1 255 765 440
i 4 1 1 0 1 255 765 255
i 2 1 1 0 1 765 2295 887
i 1 1 1 0 1 1530 4590 1530
i 3 1 1 0 1 150 450 150
i 1 1 1 0 1 99 297 278
i 2 1 1 0 1 255 765 255
i 3 1 1 0 1 255 765 255
i 2 1 1 0 1 150 450 150
i 1 1 1 0 1 255 765 745
i 3 1 1 0 1 255 765 338
i 2 1 1 0 1 255 765 255
i 4 1 1 0 1 765 2295 765
i 1 1 1 0 1 510 1530 562
i 2 1 1 0 1 765 2295 765
i 1 1 1 0 1 255 765 429
i 2 1 1 0 1 99 297 99
i 3 1 1 0 1 255 765 255
i 1 1 1 0 1 765 2295 1788
i 2 1 1 0 1 510 1530 970
i 1 1 1 0 1 255 765 255
i 2 1 1 0 1 765 2295 765
i 3 1 1 0 1 765 2295 1063
i 1 1 1 0 1 1020 3060 1020
i 4 1 1 0 1 255 765 255
i 1 1 1 0 1 255 765 695
i 3 1 1 0 1 765 2295 1754
i 3 1 1 0 1 255 765 527
i 2 1 1 0 1 99 297 126
i 4 1 1 0 1 255 765 255
i 4 1 1 0 1 765 2295 765
i 1 1 1 0 1 765 2295 797
i 1 1 1 0 1 510 1530 1210
i 3 1 1 0 1 255 765 692
i 4 1 1 0 1 255 765 255
i 1 1 1 0 1 765 2295 765
i 1 1 1 0 1 255 765 430
i 1 1 1 0 1 510 1530 510
i 4 1 1 0 1 765 2295 765
i 4 1 1 0 1 255 765 367
i 2 1 1 0 1 255 765 324
i 4 1 1 0 1 255 765 255
i 3 1 1 0 1 510 1530 510
i 2 1 1 0 1 510 1530 1479
i 3 1 1 0 1 150 450 447
i 2 1 1 0 1 255 765 255
i 1 1 1 0 1 255 765 690
i 1 1 1 0 1 255 765 710
i 2 1 1 0 1 510 1530 1071
i 1 1 1 0 1 150 450 298
i 1 1 1 0 1 255 765 308
i 4 1 1 0 1 300 900 627
i 1 1 1 0 1 765 2295 1040
i 2 1 1 0 1 765 2295 765
i 4 1 1 0 1 765 2295 994
i 4 1 1 0 1 765 2295 1020
i 2 1 1 0 1 765 2295 765
i 2 1 1 0 1 765 2295 926
i 3 1 1 0 1 510 1530 510
i 1 1 1 0 1 510 1530 510
i 2 1 1 0 1 150 450 393
i 2 1 1 0 1 765 2295 1579
i 1 1 1 0 1 510 1530 510
i 2 1 1 0 1 255 765 294
i 3 1 1 0 1 765 2295 876
i 1 1 1 0 1 510 1530 1210
i 4 1 1 0 1 255 765 255
i 4 1 1 0 1 255 765 368
i 4 1 1 0 1 765 2295 765
i 4 1 1 0 1 255 765 255
i 4 1 1 0 1 765 2295 765
i 1 1 1 0 1 255 765 255
i 4 1 1 0 1 510 1530 1466
i 2 1 1 0 1 255 765 489
i 2 1 1 0 1 255 765 660
i 4 1 1 0 1 255 765 516
i 1 1 1 0 1 510 1530 1316
i 1 1 1 0 1 150 450 150
i 3 1 1 0 1 765 2295 765
i 3 1 1 0 1 255 765 255
i 3 1 1 0 1 255 765 255
i 1 1 1 0 1 255 765 255
i 3 1 1 0 1 255 765 255
i 1 1 1 0 1 255 765 255
i 4 1 1 0 1 255 765 255
i 1 1 1 0 1 99 297 99
i 2 1 1 0 1 255 765 255
i 2 1 1 0 1 255 765 255
i 4 1 1 0 1 255 765 255
i 2 1 1 0 1 765 2295 765
i 3 1 1 0 1 1530 4590 1530
i 4 1 1 0 1 510 1530 510
i 3 1 1 0 1 150 450 150
i 4 1 1 0 1 510 1530 510
i 4 1 1 0 1 255 765 255
i 4 1 1 0 1 255 765 255
i 1 1 1 0 1 255 765 255
i 3 1 1 0 1 765 2295 765
i 1 1 1 0 1 255 765 255
i 1 1 1 0 1 255 765 255
i 2 1 1 0 1 255 765 255
i 2 1 1 0 1 255 765 255
i 2 1 1 0 1 765 2295 765
i 4 1 1 0 1 765 2295 765
i 3 1 1 0 1 765 2295 765
i 1 1 1 0 1 765 2295 765
i 3 1 1 0 1 255 765 255
i 3 1 1 0 1 255 765 255
i 3 1 1 0 1 255 765 255
i 4 1 1 0 1 765 2295 765
i 4 1 1 0 1 765 2295 765
i 3 1 1 0 1 765 2295 765
i 3 1 1 0 1 150 450 150
i 1 1 1 0 1 510 1530 510
i 3 1 1 0 1 765 2295 765
i 4 1 1 0 1 1020 3060 1020
i 1 1 1 0 1 765 2295 765
i 2 1 1 0 1 510 1530 510
i 3 1 1 0 1 255 765 255
i 1 1 1 0 1 150 450 150
i 1 1 1 0 1 150 450 150
i 2 1 1 0 1 255 765 255
i 2 1 1 0 1 765 2295 765
i 3 1 1 0 1 255 765 255
i 2 1 1 0 1 510 1530 510
i 2 1 1 0 1 255 765 255
i 4 1 1 0 1 510 1530 510
i 1 1 1 0 1 255 765 255
i 2 1 1 0 1 765 2295 765
i 1 1 1 0 1 765 2295 765
i 1 1 1 0 1 765 2295 765
i 4 1 1 0 1 300 900 300
i 2 1 1 0 1 255 765 255
i 3 1 1 0 1 255 765 255
i 4 1 1 0 1 255 765 255
i 1 1 1 0 1 255 765 255
i 2 1 1 0 1 765 2295 765
i 4 1 1 0 1 255 765 255
i 3 1 1 0 1 1020 3060 1020
i 1 1 1 0 1 765 2295 765
i 4 1 1 0 1 255 765 255
k 13000 1.6
k 13000 1.6
k 13000 1.6
k 36000 3
k 36000 3
k 36000 3
k 36000 3
k 36000 3
