p 6 264 8 1 2 10000 63
i 0 1 1 0 1 425 425 425
i 0 1 1 0 1 2550 2550 2550
i 0 1 1 0 1 425 425 425
i 0 1 1 0 1 1275 1275 1275
i 0 1 1 0 1 425 425 425
i 0 1 1 0 1 250 250 250
i 0 1 1 0 1 425 425 425
i 0 1 1 0 1 1275 1275 1275
i 0 1 1 0 1 1275 1275 1275
i 0 1 1 0 1 425 425 425
i 0 1 1 0 1 1275 1275 1275
i 0 1 1 0 1 1275 1275 1275
i 0 1 1 0 1 1275 1275 1275
i 0 1 1 0 1 425 425 425
i 0 1 1 0 1 1275 1275 1275
i 0 1 1 0 1 425 425 425
i 0 1 1 0 1 850 850 850
i 0 1 1 0 1 425 425 425
i 0 1 1 0 1 1275 1275 1275
i 0 1 1 0 1 425 425 425
i 0 1 1 0 1 165 165 165
i 0 1 1 0 1 1275 1275 1275
i 0 1 1 0 1 1275 1275 1275
i 0 1 1 0 1 425 425 425
i 0 1 1 0 1 250 250 250
i 0 1 1 0 1 250 250 250
i 0 1 1 0 1 1275 1275 1275
i 0 1 1 0 1 990 990 990
i 0 1 1 0 1 425 425 425
i 0 1 1 0 1 1275 2550 1458
i 0 1 1 0 1 250 250 250
i 0 1 1 0 1 425 425 425
i 0 1 1 0 1 425 425 425
i 0 1 1 0 1 495 990 506
i 0 1 1 0 1 250 250 250
i 0 1 1 0 1 1275 1275 1275
i 0 1 1 0 1 1275 1275 1275
i 0 1 1 0 1 425 425 425
i 0 1 1 0 1 495 495 495
i 0 1 1 0 1 425 425 425
i 0 1 1 0 1 425 425 425
i 0 1 1 0 1 425 425 425
i 0 1 1 0 1 425 425 425
i 0 1 1 0 1 425 425 425
i 0 1 1 0 1 425 850 525
i 0 1 1 0 1 1275 1700 1552
i 0 1 1 0 1 1275 1275 1275
i 0 1 1 0 1 1275 1275 1275
i 0 1 1 0 1 425 425 425
i 0 1 1 0 1 425 425 425
i 0 1 1 0 1 250 250 250
i 0 1 1 0 1 425 425 425
i 0 1 1 0 1 425 425 425
i 0 1 1 0 1 850 850 850
i 0 1 1 0 1 425 425 425
i 0 1 1 0 1 425 425 425
i 0 1 1 0 1 1275 1275 1275
i 0 1 1 0 1 425 425 425
i 0 1 1 0 1 660 660 660
i 0 1 1 0 1 425 425 425
i 0 1 1 0 1 1275 1275 1275
i 0 1 1 0 1 1275 1275 1275
i 0 1 1 0 1 250 250 250
i 0 1 1 0 1 2550 2550 2550
i 0 1 1 0 1 850 850 850
i 0 1 1 0 1 1075 1075 1075
i 0 1 1 0 1 250 250 250
i 0 1 1 0 1 250 250 250
i 0 1 1 0 1 1275 1275 1275
i 0 1 1 0 1 425 850 833
i 0 1 1 0 1 425 425 425
i 0 1 1 0 1 250 250 250
i 0 1 1 0 1 1275 1275 1275
i 0 1 1 0 1 425 1275 700
i 0 1 1 0 1 1275 1275 1275
i 0 1 1 0 1 1275 1275 1275
i 0 1 1 0 1 1275 1275 1275
i 0 1 1 0 1 1275 1275 1275
i 0 1 1 0 1 425 425 425
i 0 1 1 0 1 425 425 425
i 0 1 1 0 1 1275 1275 1275
i 0 1 1 0 1 425 425 425
i 0 1 1 0 1 250 250 250
i 0 1 1 0 1 1275 1275 1275
i 0 1 1 0 1 425 425 425
i 0 1 1 0 1 1275 1275 1275
i 0 1 1 0 1 425 425 425
i 0 1 1 0 1 425 425 425
i 0 1 1 0 1 500 500 500
i 0 1 1 0 1 495 495 495
i 0 1 1 0 1 1700 1700 1700
i 0 1 1 0 1 425 425 425
i 0 1 1 0 1 425 425 425
i 0 1 1 0 1 850 850 850
i 0 1 1 0 1 425 425 425
i 0 1 1 0 1 425 425 425
i 0 1 1 0 1 850 850 850
i 0 1 1 0 1 425 425 425
i 0 1 1 0 1 165 165 165
i 0 1 1 0 1 425 425 425
i 0 1 1 0 1 1275 1275 1275
i 0 1 1 0 1 1275 1275 1275
i 0 1 1 0 1 850 850 850
i 0 1 1 0 1 500 500 500
i 0 1 1 0 1 425 425 425
i 0 1 1 0 1 990 990 990
i 0 1 1 0 1 425 425 425
i 0 1 1 0 1 1275 1275 1275
i 0 1 1 0 1 425 425 425
i 3 1 1 0 1 990 2970 990
i 1 1 1 0 1 425 1275 437
i 1 1 1 0 1 1275 3825 1275
i 3 1 1 0 1 425 1275 425
i 3 1 1 0 1 425 1275 503
i 4 1 1 0 1 425 1275 1105
i 2 1 1 0 1 425 1275 706
i 4 1 1 0 1 850 2550 850
i 4 1 1 0 1 425 1275 781
i 3 1 1 0 1 425 1275 659
i 3 1 1 0 1 1275 3825 1497
i 2 1 1 0 1 425 1275 425
i 2 1 1 0 1 500 1500 500
i 1 1 1 0 1 660 1980 660
i 2 1 1 0 1 425 1275 573
i 3 1 1 0 1 1275 3825 1557
i 3 1 1 0 1 425 1275 653
i 2 1 1 0 1 1700 5100 1700
i 1 1 1 0 1 1275 3825 2801
i 1 1 1 0 1 425 1275 967
i 3 1 1 0 1 425 1275 791
i 3 1 1 0 1 1275 3825 2578
i 4 1 1 0 1 2550 7650 2550
i 3 1 1 0 1 1570 4710 3180
i 2 1 1 0 1 425 1275 551
i 4 1 1 0 1 850 2550 2467
i 4 1 1 0 1 425 1275 425
i 3 1 1 0 1 425 1275 425
i 1 1 1 0 1 250 750 594
i 3 1 1 0 1 425 1275 1152
i 2 1 1 0 1 425 1275 1013
i 1 1 1 0 1 1275 3825 3039
i 2 1 1 0 1 1275 3825 1275
i 2 1 1 0 1 425 1275 1252
i 2 1 1 0 1 1275 3825 1275
i 3 1 1 0 1 500 1500 500
i 1 1 1 0 1 425 1275 425
i 2 1 1 0 1 425 1275 425
i 2 1 1 0 1 425 1275 928
i 1 1 1 0 1 1275 3825 3328
i 2 1 1 0 1 425 1275 425
i 3 1 1 0 1 425 1275 548
i 1 1 1 0 1 1275 3825 1275
i 3 1 1 0 1 1275 3825 1275
i 2 1 1 0 1 1275 3825 1861
i 1 1 1 0 1 850 2550 850
i 2 1 1 0 1 495 1485 495
i 4 1 1 0 1 425 1275 1030
i 4 1 1 0 1 425 1275 425
i 4 1 1 0 1 1275 3825 1275
i 4 1 1 0 1 1275 3825 1398
i 4 1 1 0 1 250 750 371
i 4 1 1 0 1 2550 7650 2550
i 4 1 1 0 1 660 1980 660
i 4 1 1 0 1 250 750 250
i 2 1 1 0 1 425 1275 425
i 2 1 1 0 1 1275 3825 1530
i 3 1 1 0 1 425 1275 425
i 3 1 1 0 1 250 750 518
i 3 1 1 0 1 250 750 250
i 4 1 1 0 1 1275 3825 1275
i 3 1 1 0 1 1275 3825 1275
i 2 1 1 0 1 425 1275 1217
i 1 1 1 0 1 1275 3825 1275
i 3 1 1 0 1 1275 3825 1331
i 4 1 1 0 1 1275 3825 1275
i 4 1 1 0 1 250 750 250
i 2 1 1 0 1 425 1275 425
i 1 1 1 0 1 425 1275 561
i 1 1 1 0 1 425 1275 698
i 2 1 1 0 1 425 1275 425
i 2 1 1 0 1 1275 3825 1275
i 4 1 1 0 1 500 1500 500
i 2 1 1 0 1 500 1500 500
i 1 1 1 0 1 425 1275 440
i 2 1 1 0 1 425 1275 946
i 2 1 1 0 1 1275 3825 1275
i 3 1 1 0 1 425 1275 925
i 3 1 1 0 1 425 1275 510
i 1 1 1 0 1 425 1275 425
i 2 1 1 0 1 425 1275 939
i 3 1 1 0 1 1320 3960 1320
i 1 1 1 0 1 425 1275 425
i 4 1 1 0 1 425 1275 425
i 3 1 1 0 1 425 1275 1049
i 4 1 1 0 1 425 1275 485
i 3 1 1 0 1 1275 3825 2058
i 2 1 1 0 1 425 1275 425
i 4 1 1 0 1 425 1275 1261
i 3 1 1 0 1 250 750 623
i 4 1 1 0 1 165 495 165
i 1 1 1 0 1 425 1275 655
i 3 1 1 0 1 425 1275 425
i 4 1 1 0 1 425 1275 1090
i 4 1 1 0 1 1275 3825 1275
i 3 1 1 0 1 1275 3825 1288
i 3 1 1 0 1 2125 6375 5821
i 2 1 1 0 1 825 2475 825
i 4 1 1 0 1 425 1275 425
i 1 1 1 0 1 425 1275 425
i 4 1 1 0 1 425 1275 894
i 2 1 1 0 1 1250 3750 1548
i 1 1 1 0 1 425 1275 451
i 3 1 1 0 1 425 1275 425
i 2 1 1 0 1 1275 3825 3709
i 3 1 1 0 1 425 1275 641
i 2 1 1 0 1 1275 3825 2113
i 3 1 1 0 1 850 2550 1206
i 2 1 1 0 1 990 2970 990
i 2 1 1 0 1 425 1275 425
i 4 1 1 0 1 250 750 250
i 4 1 1 0 1 425 1275 425
i 4 1 1 0 1 425 1275 425
i 3 1 1 0 1 1275 3825 1275
i 3 1 1 0 1 1275 3825 1275
i 4 1 1 0 1 495 1485 1344
i 4 1 1 0 1 250 750 250
i 1 1 1 0 1 250 750 250
i 2 1 1 0 1 1275 3825 1275
i 1 1 1 0 1 1275 3825 1390
i 3 1 1 0 1 425 1275 425
i 1 1 1 0 1 425 1275 425
i 3 1 1 0 1 1275 3825 1275
i 3 1 1 0 1 425 1275 425
i 4 1 1 0 1 425 1275 425
i 4 1 1 0 1 1275 3825 2513
i 3 1 1 0 1 495 1485 495
i 4 1 1 0 1 425 1275 425
i 1 1 1 0 1 425 1275 425
i 2 1 1 0 1 915 2745 2369
i 3 1 1 0 1 425 1275 425
i 4 1 1 0 1 1275 3825 1275
i 1 1 1 0 1 425 1275 425
i 2 1 1 0 1 1275 3825 2788
i 3 1 1 0 1 425 1275 425
i 2 1 1 0 1 250 750 250
i 1 1 1 0 1 850 2550 1264
i 3 1 1 0 1 425 1275 684
i 1 1 1 0 1 1275 3825 1275
i 3 1 1 0 1 425 1275 425
i 4 1 1 0 1 250 750 250
i 4 1 1 0 1 425 1275 425
i 4 1 1 0 1 1275 3825 1275
i 1 1 1 0 1 1275 3825 1275
i 3 1 1 0 1 425 1275 425
i 3 1 1 0 1 165 495 165
i 2 1 1 0 1 425 1275 425
i 1 1 1 0 1 425 1275 425
i 2 1 1 0 1 425 1275 425
i 4 1 1 0 1 1275 3825 1275
i 1 1 1 0 1 1275 3825 1275
i 3 1 1 0 1 1275 3825 1275
i 2 1 1 0 1 250 750 250
i 3 1 1 0 1 425 1275 425
i 4 1 1 0 1 425 1275 425
k 13000 1.6
k 13000 1.6
k 13000 1.6
k 36000 3
k 36000 3
k 36000 3
k 36000 3
k 36000 3
