p 6 264 8 1 2 10000 63
i 0 1 1 0 1 425 425 425
i 0 1 1 0 1 2550 2550 2550
i 0 1 1 0 1 425 425 425
i 0 1 1 0 1 1275 1275 1275
i 0 1 1 0 1 425 425 425
i 0 1 1 0 1 250 250 250
i 0 1 1 0 1 425 425 425
i 0 1 1 0 1 1275 1275 1275
i 0 1 1 0 1 1275 1275 1275
i 0 1 1 0 1 425 425 425
i 0 1 1 0 1 1275 1275 1275
i 0 1 1 0 1 1275 1275 1275
i 0 1 1 0 1 1275 1275 1275
i 0 1 1 0 1 425 425 425
i 0 1 1 0 1 1275 1275 1275
i 0 1 1 0 1 425 425 425
i 0 1 1 0 1 850 850 850
i 0 1 1 0 1 425 425 425
i 0 1 1 0 1 1275 1275 1275
i 0 1 1 0 1 425 425 425
i 0 1 1 0 1 165 165 165
i 0 1 1 0 1 1275 1275 1275
i 0 1 1 0 1 1275 1275 1275
i 0 1 1 0 1 425 425 425
i 0 1 1 0 1 250 250 250
i 0 1 1 0 1 250 250 250
i 0 1 1 0 1 1275 1275 1275
i 0 1 1 0 1 990 990 990
i 0 1 1 0 1 425 425 425
i 0 1 1 0 1 1275 2550 1458
i 0 1 1 0 1 250 250 250
i 0 1 1 0 1 425 425 425
i 0 1 1 0 1 425 425 425
i 0 1 1 0 1 495 990 506
i 0 1 1 0 1 250 250 250
i 0 1 1 0 1 1275 1275 1275
i 0 1 1 0 1 1275 1275 1275
i 0 1 1 0 1 425 425 425
i 0 1 1 0 1 495 495 495
i 0 1 1 0 1 425 425 425
i 0 1 1 0 1 425 425 425
i 0 1 1 0 1 425 425 425
i 0 1 1 0 1 425 425 425
i 0 1 1 0 1 425 425 425
i 0 1 1 0 1 425 850 525
i 0 1 1 0 1 1275 1700 1552
i 0 1 1 0 1 1275 1275 1275
i 0 1 1 0 1 1275 1275 1275
i 0 1 1 0 1 425 425 425
i 0 1 1 0 1 425 425 425
i 0 1 1 0 1 250 250 250
i 0 1 1 0 1 425 425 425
i 0 1 1 0 1 425 425 425
i 0 1 1 0 1 850 850 850
i 0 1 1 0 1 425 425 425
i 0 1 1 0 1 425 425 425
i 0 1 1 0 1 1275 1275 1275
i 0 1 1 0 1 425 425 425
i 0 1 1 0 1 660 660 660
i 0 1 1 0 1 425 425 425
i 0 1 1 0 1 1275 1275 1275
i 0 1 1 0 1 1275 1275 1275
i 0 1 1 0 1 250 250 250
i 0 1 1 0 1 2550 2550 2550
i 0 1 1 0 1 850 850 850
i 0 1 1 0 1 1075 1075 1075
i 0 1 1 0 1 250 250 250
i 0 1 1 0 1 250 250 250
i 0 1 1 0 1 1275 1275 1275
i 0 1 1 0 1 425 850 833
i 0 1 1 0 1 425 425 425
i 0 1 1 0 1 250 250 250
i 0 1 1 0 1 1275 1275 1275
i 0 1 1 0 1 425 1275 700
i 0 1 1 0 1 1275 1275 1275
i 0 1 1 0 1 1275 1275 1275
i 0 1 1 0 1 1275 1275 1275
i 0 1 1 0 1 1275 1275 1275
i 0 1 1 0 1 425 425 425
i 0 1 1 0 1 425 425 425
i 0 1 1 0 1 1275 1275 1275
i 0 1 1 0 1 425 425 425
i 0 1 1 0 1 250 250 250
i 0 1 1 0 1 1275 1275 1275
i 0 1 1 0 1 425 425 425
i 0 1 1 0 1 1275 1275 1275
i 0 1 1 0 1 425 425 425
i 0 1 1 0 1 425 425 425
i 0 1 1 0 1 500 500 500
i 0 1 1 0 1 495 495 495
i 0 1 1 0 1 1700 1700 1700
i 0 1 1 0 1 425 425 425
i 0 1 1 0 1 425 425 425
i 0 1 1 0 1 850 850 850
i 0 1 1 0 1 425 425 425
i 0 1 1 0 1 425 425 425
i 0 1 1 0 1 850 850 850
i 0 1 1 0 1 425 425 425
i 0 1 1 0 1 165 165 165
i 0 1 1 0 1 425 425 425
i 0 1 1 0 1 1275 1275 1275
i 0 1 1 0 1 1275 1275 1275
i 0 1 1 0 1 850 850 850
i 0 1 1 0 1 500 500 500
i 0 1 1 0 1 425 425 425
i 0 1 1 0 1 990 990 990
i 0 1 1 0 1 425 425 425
i 0 1 1 0 1 1275 1275 1275
i 0 1 1 0 1 425 425 425
i 1 1 1 0 1 425 1275 712
i 2 1 1 0 1 250 750 468
i 1 1 1 0 1 850 2550 1447
i 3 1 1 0 1 2125 6375 2125
i 4 1 1 0 1 500 1500 500
i 2 1 1 0 1 425 1275 475
i 2 1 1 0 1 425 1275 425
i 3 1 1 0 1 1275 3825 3785
i 4 1 1 0 1 2550 7650 6272
i 4 1 1 0 1 250 750 250
i 4 1 1 0 1 425 1275 636
i 3 1 1 0 1 425 1275 692
i 3 1 1 0 1 425 1275 425
i 4 1 1 0 1 495 1485 951
i 4 1 1 0 1 1275 3825 1275
i 3 1 1 0 1 425 1275 974
i 1 1 1 0 1 425 1275 742
i 4 1 1 0 1 2550 7650 2550
i 4 1 1 0 1 1275 3825 1275
i 4 1 1 0 1 1275 3825 1275
i 2 1 1 0 1 425 1275 425
i 2 1 1 0 1 1275 3825 2499
i 1 1 1 0 1 425 1275 425
i 3 1 1 0 1 500 1500 500
i 2 1 1 0 1 425 1275 425
i 4 1 1 0 1 850 2550 1550
i 3 1 1 0 1 425 1275 425
i 2 1 1 0 1 425 1275 1095
i 1 1 1 0 1 425 1275 643
i 2 1 1 0 1 1275 3825 1275
i 2 1 1 0 1 250 750 272
i 2 1 1 0 1 500 1500 592
i 3 1 1 0 1 1275 3825 1275
i 3 1 1 0 1 425 1275 425
i 2 1 1 0 1 425 1275 425
i 2 1 1 0 1 425 1275 425
i 4 1 1 0 1 1275 3825 3317
i 1 1 1 0 1 425 1275 425
i 1 1 1 0 1 1275 3825 1275
i 3 1 1 0 1 425 1275 1061
i 3 1 1 0 1 1275 3825 1275
i 3 1 1 0 1 1275 3825 1275
i 4 1 1 0 1 425 1275 1117
i 3 1 1 0 1 425 1275 792
i 1 1 1 0 1 425 1275 425
i 1 1 1 0 1 425 1275 425
i 3 1 1 0 1 425 1275 425
i 4 1 1 0 1 425 1275 425
i 4 1 1 0 1 1275 3825 1275
i 2 1 1 0 1 425 1275 521
i 4 1 1 0 1 850 2550 850
i 4 1 1 0 1 250 750 374
i 3 1 1 0 1 1275 3825 2977
i 2 1 1 0 1 425 1275 425
i 4 1 1 0 1 425 1275 693
i 1 1 1 0 1 1275 3825 1275
i 1 1 1 0 1 425 1275 425
i 4 1 1 0 1 425 1275 425
i 2 1 1 0 1 425 1275 822
i 3 1 1 0 1 990 2970 990
i 3 1 1 0 1 425 1275 425
i 2 1 1 0 1 825 2475 980
i 4 1 1 0 1 425 1275 425
i 2 1 1 0 1 990 2970 990
i 2 1 1 0 1 1275 3825 1463
i 3 1 1 0 1 425 1275 425
i 1 1 1 0 1 1275 3825 3546
i 4 1 1 0 1 425 1275 425
i 3 1 1 0 1 250 750 250
i 1 1 1 0 1 425 1275 425
i 1 1 1 0 1 1275 3825 1275
i 4 1 1 0 1 660 1980 660
i 1 1 1 0 1 250 750 250
i 2 1 1 0 1 425 1275 794
i 2 1 1 0 1 915 2745 1636
i 4 1 1 0 1 425 1275 525
i 4 1 1 0 1 425 1275 1036
i 2 1 1 0 1 1250 3750 1250
i 3 1 1 0 1 1275 3825 2302
i 2 1 1 0 1 1275 3825 3821
i 3 1 1 0 1 165 495 165
i 2 1 1 0 1 425 1275 425
i 1 1 1 0 1 1275 3825 3319
i 3 1 1 0 1 1275 3825 2314
i 4 1 1 0 1 1275 3825 1275
i 4 1 1 0 1 250 750 250
i 2 1 1 0 1 425 1275 580
i 4 1 1 0 1 250 750 250
i 3 1 1 0 1 250 750 250
i 2 1 1 0 1 425 1275 486
i 1 1 1 0 1 425 1275 735
i 3 1 1 0 1 425 1275 425
i 2 1 1 0 1 425 1275 608
i 3 1 1 0 1 1570 4710 1570
i 4 1 1 0 1 250 750 324
i 3 1 1 0 1 425 1275 425
i 3 1 1 0 1 1275 3825 3592
i 1 1 1 0 1 1275 3825 1275
i 4 1 1 0 1 425 1275 531
i 3 1 1 0 1 425 1275 938
i 3 1 1 0 1 1275 3825 1275
i 3 1 1 0 1 1320 3960 2890
i 2 1 1 0 1 425 1275 425
i 3 1 1 0 1 1275 3825 1275
i 4 1 1 0 1 425 1275 711
i 3 1 1 0 1 425 1275 425
i 3 1 1 0 1 425 1275 654
i 3 1 1 0 1 425 1275 425
i 4 1 1 0 1 425 1275 1239
i 4 1 1 0 1 1275 3825 3324
i 3 1 1 0 1 425 1275 985
i 2 1 1 0 1 425 1275 813
i 2 1 1 0 1 425 1275 853
i 1 1 1 0 1 850 2550 1490
i 3 1 1 0 1 850 2550 850
i 2 1 1 0 1 425 1275 425
i 2 1 1 0 1 500 1500 824
i 4 1 1 0 1 165 495 256
i 1 1 1 0 1 425 1275 1262
i 1 1 1 0 1 1275 3825 1275
i 1 1 1 0 1 250 750 472
i 3 1 1 0 1 425 1275 425
i 4 1 1 0 1 425 1275 425
i 1 1 1 0 1 425 1275 425
i 1 1 1 0 1 1275 3825 1666
i 4 1 1 0 1 425 1275 887
i 3 1 1 0 1 425 1275 600
i 4 1 1 0 1 425 1275 667
i 2 1 1 0 1 495 1485 1291
i 1 1 1 0 1 1275 3825 1275
i 2 1 1 0 1 1275 3825 1275
i 2 1 1 0 1 1275 3825 1275
i 3 1 1 0 1 1275 3825 1275
i 2 1 1 0 1 1700 5100 1700
i 3 1 1 0 1 250 750 250
i 1 1 1 0 1 425 1275 425
i 3 1 1 0 1 425 1275 425
i 3 1 1 0 1 425 1275 425
i 2 1 1 0 1 1275 3825 1275
i 4 1 1 0 1 425 1275 425
i 1 1 1 0 1 1275 3825 1275
i 1 1 1 0 1 425 1275 425
i 4 1 1 0 1 425 1275 425
i 2 1 1 0 1 1275 3825 1275
i 4 1 1 0 1 1275 3825 1275
i 3 1 1 0 1 495 1485 495
i 3 1 1 0 1 425 1275 425
i 4 1 1 0 1 250 750 250
i 2 1 1 0 1 1275 3825 1275
i 3 1 1 0 1 425 1275 425
i 4 1 1 0 1 1275 3825 1275
i 1 1 1 0 1 425 1275 425
i 3 1 1 0 1 1275 3825 1275
i 2 1 1 0 1 1275 3825 1275
i 1 1 1 0 1 660 1980 660
k 13000 1.6
k 13000 1.6
k 13000 1.6
k 36000 3
k 36000 3
k 36000 3
k 36000 3
k 36000 3
